 -1.7920000e+001	 -4.8700000e+000	 -1.1031700e+003	
 -1.6280001e+001	 -4.8600000e+000	 -1.1023000e+003	
 -1.4640000e+001	 -4.8600000e+000	 -1.1013900e+003	
 -1.7930000e+001	 -6.4900000e+000	 -1.1036899e+003	
 -1.6280001e+001	 -6.4800000e+000	 -1.1023700e+003	
 -1.4640000e+001	 -6.4800000e+000	 -1.1010100e+003	
 -1.3000000e+001	 -6.4700000e+000	 -1.1001801e+003	
 -1.1370000e+001	 -6.4700000e+000	 -1.0999800e+003	
 -9.7500000e+000	 -6.4700000e+000	 -1.1002400e+003	
 -8.1300000e+000	 -6.4800000e+000	 -1.1011000e+003	
 -6.5100000e+000	 -6.4800000e+000	 -1.1023400e+003	
 -1.7930000e+001	 -8.1200000e+000	 -1.1036400e+003	
 -1.6280001e+001	 -8.1000000e+000	 -1.1021700e+003	
 -1.4630000e+001	 -8.1000000e+000	 -1.1007800e+003	
 -1.3000000e+001	 -8.0900000e+000	 -1.0998900e+003	
 -1.1370000e+001	 -8.0900000e+000	 -1.0996400e+003	
 -9.7500000e+000	 -8.0900000e+000	 -1.1001400e+003	
 -8.1300000e+000	 -8.1000000e+000	 -1.1011700e+003	
 -6.5100000e+000	 -8.1100000e+000	 -1.1026700e+003	
 -1.7930000e+001	 -9.7400000e+000	 -1.1032600e+003	
 -1.6280001e+001	 -9.7200000e+000	 -1.1018101e+003	
 -1.4630000e+001	 -9.7100000e+000	 -1.1004399e+003	
 -1.3000000e+001	 -9.7100000e+000	 -1.0997400e+003	
 -1.1370000e+001	 -9.7000000e+000	 -1.0993600e+003	
 -9.7500000e+000	 -9.7100000e+000	 -1.0999800e+003	
 -8.1300000e+000	 -9.7200000e+000	 -1.1011899e+003	
 -6.5100000e+000	 -9.7300000e+000	 -1.1031700e+003	
 -1.7930000e+001	 -1.1360000e+001	 -1.1034399e+003	
 -1.6280001e+001	 -1.1350000e+001	 -1.1018300e+003	
 -1.4630000e+001	 -1.1330000e+001	 -1.1003400e+003	
 -1.2990000e+001	 -1.1320000e+001	 -1.0993000e+003	
 -1.1360000e+001	 -1.1320000e+001	 -1.0991100e+003	
 -9.7400000e+000	 -1.1320000e+001	 -1.0996500e+003	
 -8.1300000e+000	 -1.1340000e+001	 -1.1013700e+003	
 -6.5200000e+000	 -1.1360000e+001	 -1.1034301e+003	
 -1.7930000e+001	 -1.2980000e+001	 -1.1032900e+003	
 -1.6270000e+001	 -1.2960000e+001	 -1.1012500e+003	
 -1.4620000e+001	 -1.2940000e+001	 -1.0995300e+003	
 -1.2980000e+001	 -1.2930000e+001	 -1.0985800e+003	
 -1.1360000e+001	 -1.2930000e+001	 -1.0987700e+003	
 -9.7400000e+000	 -1.2940000e+001	 -1.0995800e+003	
 -8.1300000e+000	 -1.2960000e+001	 -1.1012400e+003	
 -6.5200000e+000	 -1.2980000e+001	 -1.1034399e+003	
 -1.7930000e+001	 -1.4610000e+001	 -1.1032900e+003	
 -1.6260000e+001	 -1.4570000e+001	 -1.1005900e+003	
 -1.4610000e+001	 -1.4550000e+001	 -1.0984301e+003	
 -1.2970000e+001	 -1.4540000e+001	 -1.0975800e+003	
 -1.1350000e+001	 -1.4540000e+001	 -1.0976600e+003	
 -9.7400000e+000	 -1.4550000e+001	 -1.0985500e+003	
 -8.1300000e+000	 -1.4580000e+001	 -1.1010000e+003	
 -6.5200000e+000	 -1.4620000e+001	 -1.1046100e+003	
 -1.9610001e+001	 -1.6270000e+001	 -1.1062300e+003	
 -1.7930000e+001	 -1.6230000e+001	 -1.1033500e+003	
 -1.6250000e+001	 -1.6190001e+001	 -1.1000800e+003	
 -1.4600000e+001	 -1.6150000e+001	 -1.0976600e+003	
 -1.2960000e+001	 -1.6139999e+001	 -1.0965200e+003	
 -1.1340000e+001	 -1.6139999e+001	 -1.0965400e+003	
 -9.7300000e+000	 -1.6150000e+001	 -1.0975900e+003	
 -8.1300000e+000	 -1.6200001e+001	 -1.1008101e+003	
 -6.5300000e+000	 -1.6260000e+001	 -1.1053300e+003	
 -1.9610001e+001	 -1.7910000e+001	 -1.1066000e+003	
 -1.7930000e+001	 -1.7860001e+001	 -1.1035699e+003	
 -1.6240000e+001	 -1.7799999e+001	 -1.0994600e+003	
 -1.4580000e+001	 -1.7750000e+001	 -1.0962000e+003	
 -1.2950000e+001	 -1.7730000e+001	 -1.0951000e+003	
 -1.1330000e+001	 -1.7730000e+001	 -1.0951200e+003	
 -9.7200000e+000	 -1.7750000e+001	 -1.0967200e+003	
 -8.1300000e+000	 -1.7820000e+001	 -1.1009500e+003	
 -6.5300000e+000	 -1.7900000e+001	 -1.1065500e+003	
 -1.9620001e+001	 -1.9540001e+001	 -1.1069399e+003	
 -1.7920000e+001	 -1.9480000e+001	 -1.1030400e+003	
 -1.6209999e+001	 -1.9370001e+001	 -1.0967900e+003	
 -1.4550000e+001	 -1.9320000e+001	 -1.0936100e+003	
 -1.2920000e+001	 -1.9309999e+001	 -1.0931801e+003	
 -1.1310000e+001	 -1.9320000e+001	 -1.0937700e+003	
 -9.7100000e+000	 -1.9340000e+001	 -1.0951899e+003	
 -8.1300000e+000	 -1.9430000e+001	 -1.1003199e+003	
 -6.5400000e+000	 -1.9540001e+001	 -1.1068500e+003	
 -4.9200000e+000	 -1.9600000e+001	 -1.1107000e+003	
 -2.1280001e+001	 -2.1200001e+001	 -1.1084000e+003	
 -1.9600000e+001	 -2.1150000e+001	 -1.1058101e+003	
 -1.7879999e+001	 -2.1040001e+001	 -1.1000300e+003	
 -1.6150000e+001	 -2.0920000e+001	 -1.0930300e+003	
 -1.4520000e+001	 -2.0889999e+001	 -1.0913101e+003	
 -1.2900000e+001	 -2.0879999e+001	 -1.0910900e+003	
 -1.1290000e+001	 -2.0889999e+001	 -1.0915200e+003	
 -9.6900000e+000	 -2.0910000e+001	 -1.0929200e+003	
 -8.1100000e+000	 -2.1010000e+001	 -1.0982000e+003	
 -6.5300000e+000	 -2.1139999e+001	 -1.1051600e+003	
 -4.9200000e+000	 -2.1240000e+001	 -1.1107800e+003	
 -2.1260000e+001	 -2.2799999e+001	 -1.1070400e+003	
 -1.9540001e+001	 -2.2709999e+001	 -1.1022800e+003	
 -1.7790001e+001	 -2.2549999e+001	 -1.0940800e+003	
 -1.6110001e+001	 -2.2469999e+001	 -1.0901801e+003	
 -1.4490000e+001	 -2.2450001e+001	 -1.0892600e+003	
 -1.2880000e+001	 -2.2450001e+001	 -1.0890699e+003	
 -1.1270000e+001	 -2.2459999e+001	 -1.0896600e+003	
 -9.6700000e+000	 -2.2480000e+001	 -1.0904800e+003	
 -8.0800000e+000	 -2.2530001e+001	 -1.0933101e+003	
 -6.5200000e+000	 -2.2730000e+001	 -1.1035500e+003	
 -4.9200000e+000	 -2.2870001e+001	 -1.1106500e+003	
 -2.2860001e+001	 -2.4389999e+001	 -1.1051899e+003	
 -2.1190001e+001	 -2.4350000e+001	 -1.1032100e+003	
 -1.9450001e+001	 -2.4219999e+001	 -1.0968199e+003	
 -1.7730000e+001	 -2.4080000e+001	 -1.0903000e+003	
 -1.6090000e+001	 -2.4040001e+001	 -1.0885601e+003	
 -1.4470000e+001	 -2.4020000e+001	 -1.0875000e+003	
 -1.2860000e+001	 -2.4020000e+001	 -1.0874200e+003	
 -1.1250000e+001	 -2.4020000e+001	 -1.0876899e+003	
 -9.6500000e+000	 -2.4049999e+001	 -1.0887600e+003	
 -8.0600000e+000	 -2.4080000e+001	 -1.0902300e+003	
 -6.4900000e+000	 -2.4250000e+001	 -1.0985699e+003	
 -4.9100000e+000	 -2.4480000e+001	 -1.1096801e+003	
 -2.2790001e+001	 -2.5940001e+001	 -1.1017200e+003	
 -2.1059999e+001	 -2.5820000e+001	 -1.0963000e+003	
 -1.9350000e+001	 -2.5700001e+001	 -1.0909800e+003	
 -1.7700001e+001	 -2.5650000e+001	 -1.0884700e+003	
 -1.6070000e+001	 -2.5610001e+001	 -1.0867600e+003	
 -1.4450000e+001	 -2.5590000e+001	 -1.0859500e+003	
 -1.2840000e+001	 -2.5580000e+001	 -1.0857300e+003	
 -1.1240000e+001	 -2.5590000e+001	 -1.0859700e+003	
 -9.6400000e+000	 -2.5610001e+001	 -1.0868000e+003	
 -8.0400000e+000	 -2.5629999e+001	 -1.0879700e+003	
 -6.4500000e+000	 -2.5719999e+001	 -1.0918400e+003	
 -4.8900000e+000	 -2.5990000e+001	 -1.1041801e+003	
 -2.4379999e+001	 -2.7520000e+001	 -1.0998400e+003	
 -2.2709999e+001	 -2.7459999e+001	 -1.0975000e+003	
 -2.0990000e+001	 -2.7340000e+001	 -1.0924800e+003	
 -1.9320000e+001	 -2.7260000e+001	 -1.0890699e+003	
 -1.7670000e+001	 -2.7200001e+001	 -1.0865300e+003	
 -1.6049999e+001	 -2.7170000e+001	 -1.0851600e+003	
 -1.4430000e+001	 -2.7160000e+001	 -1.0845699e+003	
 -1.2830000e+001	 -2.7160000e+001	 -1.0846000e+003	
 -1.1220000e+001	 -2.7160000e+001	 -1.0846500e+003	
 -9.6200000e+000	 -2.7170000e+001	 -1.0851700e+003	
 -8.0300000e+000	 -2.7190001e+001	 -1.0860400e+003	
 -6.4300000e+000	 -2.7250000e+001	 -1.0884301e+003	
 -4.8700000e+000	 -2.7490000e+001	 -1.0988101e+003	
 -2.4330000e+001	 -2.9070000e+001	 -1.0972400e+003	
 -2.2629999e+001	 -2.8980000e+001	 -1.0934900e+003	
 -2.0959999e+001	 -2.8910000e+001	 -1.0905500e+003	
 -1.9299999e+001	 -2.8840000e+001	 -1.0877500e+003	
 -1.7660000e+001	 -2.8780001e+001	 -1.0855200e+003	
 -1.6030001e+001	 -2.8750000e+001	 -1.0842400e+003	
 -1.4420000e+001	 -2.8730000e+001	 -1.0835699e+003	
 -1.2820000e+001	 -2.8730000e+001	 -1.0834900e+003	
 -1.1220000e+001	 -2.8730000e+001	 -1.0836600e+003	
 -9.6200000e+000	 -2.8740000e+001	 -1.0841200e+003	
 -8.0200000e+000	 -2.8760000e+001	 -1.0849600e+003	
 -6.4200000e+000	 -2.8799999e+001	 -1.0865601e+003	
 -4.8400000e+000	 -2.8969999e+001	 -1.0931300e+003	
 -3.2600000e+000	 -2.9270000e+001	 -1.1051700e+003	
 -2.5959999e+001	 -3.0700001e+001	 -1.0975601e+003	
 -2.4260000e+001	 -3.0610001e+001	 -1.0942800e+003	
 -2.2600000e+001	 -3.0540001e+001	 -1.0917300e+003	
 -2.0940001e+001	 -3.0480000e+001	 -1.0893300e+003	
 -1.9280001e+001	 -3.0410000e+001	 -1.0868600e+003	
 -1.7639999e+001	 -3.0360001e+001	 -1.0847100e+003	
 -1.6020000e+001	 -3.0320000e+001	 -1.0834800e+003	
 -1.4410000e+001	 -3.0309999e+001	 -1.0827700e+003	
 -1.2810000e+001	 -3.0299999e+001	 -1.0824700e+003	
 -1.1210000e+001	 -3.0299999e+001	 -1.0826899e+003	
 -9.6100000e+000	 -3.0309999e+001	 -1.0830900e+003	
 -8.0100000e+000	 -3.0340000e+001	 -1.0840300e+003	
 -6.4200000e+000	 -3.0379999e+001	 -1.0854700e+003	
 -4.8300000e+000	 -3.0500000e+001	 -1.0902100e+003	
 -3.2500000e+000	 -3.0790001e+001	 -1.1011801e+003	
 -2.7590000e+001	 -3.2330002e+001	 -1.0979100e+003	
 -2.5910000e+001	 -3.2250000e+001	 -1.0953700e+003	
 -2.4240000e+001	 -3.2189999e+001	 -1.0929600e+003	
 -2.2580000e+001	 -3.2130001e+001	 -1.0907900e+003	
 -2.0920000e+001	 -3.2060001e+001	 -1.0884700e+003	
 -1.9270000e+001	 -3.1980000e+001	 -1.0857100e+003	
 -1.7629999e+001	 -3.1930000e+001	 -1.0838300e+003	
 -1.6010000e+001	 -3.1889999e+001	 -1.0825500e+003	
 -1.4400000e+001	 -3.1870001e+001	 -1.0817800e+003	
 -1.2800000e+001	 -3.1870001e+001	 -1.0815400e+003	
 -1.1200000e+001	 -3.1870001e+001	 -1.0816700e+003	
 -9.6000000e+000	 -3.1889999e+001	 -1.0823700e+003	
 -8.0100000e+000	 -3.1920000e+001	 -1.0834200e+003	
 -6.4100000e+000	 -3.1959999e+001	 -1.0850500e+003	
 -4.8200000e+000	 -3.2060001e+001	 -1.0884200e+003	
 -3.2400000e+000	 -3.2320000e+001	 -1.0980000e+003	
 -1.6300000e+000	 -3.2520000e+001	 -1.1050000e+003	
 -2.7549999e+001	 -3.3900002e+001	 -1.0965500e+003	
 -2.5879999e+001	 -3.3830002e+001	 -1.0941899e+003	
 -2.4219999e+001	 -3.3770000e+001	 -1.0921200e+003	
 -2.2559999e+001	 -3.3709999e+001	 -1.0900601e+003	
 -2.0910000e+001	 -3.3639999e+001	 -1.0875699e+003	
 -1.9250000e+001	 -3.3560001e+001	 -1.0847900e+003	
 -1.7610001e+001	 -3.3500000e+001	 -1.0827500e+003	
 -1.5990000e+001	 -3.3459999e+001	 -1.0814600e+003	
 -1.4390000e+001	 -3.3439999e+001	 -1.0807600e+003	
 -1.2780000e+001	 -3.3430000e+001	 -1.0806000e+003	
 -1.1190000e+001	 -3.3439999e+001	 -1.0809100e+003	
 -9.5900000e+000	 -3.3459999e+001	 -1.0814900e+003	
 -8.0000000e+000	 -3.3490002e+001	 -1.0826300e+003	
 -6.4100000e+000	 -3.3540001e+001	 -1.0843101e+003	
 -4.8200000e+000	 -3.3639999e+001	 -1.0877700e+003	
 -3.2300000e+000	 -3.3860001e+001	 -1.0953700e+003	
 -1.6300000e+000	 -3.4090000e+001	 -1.1031100e+003	
 -2.7510000e+001	 -3.5459999e+001	 -1.0945300e+003	
 -2.5850000e+001	 -3.5400002e+001	 -1.0927000e+003	
 -2.4200001e+001	 -3.5349998e+001	 -1.0911300e+003	
 -2.2540001e+001	 -3.5290001e+001	 -1.0890800e+003	
 -2.0889999e+001	 -3.5209999e+001	 -1.0866000e+003	
 -1.9230000e+001	 -3.5119999e+001	 -1.0836400e+003	
 -1.7600000e+001	 -3.5060001e+001	 -1.0816400e+003	
 -1.5980000e+001	 -3.5020000e+001	 -1.0805100e+003	
 -1.4370000e+001	 -3.5000000e+001	 -1.0798500e+003	
 -1.2770000e+001	 -3.4990002e+001	 -1.0795400e+003	
 -1.1180000e+001	 -3.5000000e+001	 -1.0796300e+003	
 -9.5900000e+000	 -3.5020000e+001	 -1.0803300e+003	
 -8.0000000e+000	 -3.5060001e+001	 -1.0816000e+003	
 -6.4100000e+000	 -3.5110001e+001	 -1.0835300e+003	
 -4.8200000e+000	 -3.5209999e+001	 -1.0865800e+003	
 -3.2300000e+000	 -3.5400002e+001	 -1.0929600e+003	
 -1.6200000e+000	 -3.5610001e+001	 -1.0996100e+003	
 -2.9110001e+001	 -3.7049999e+001	 -1.0939200e+003	
 -2.7459999e+001	 -3.7000000e+001	 -1.0925400e+003	
 -2.5820000e+001	 -3.6959999e+001	 -1.0913400e+003	
 -2.4180000e+001	 -3.6930000e+001	 -1.0902200e+003	
 -2.2520000e+001	 -3.6860001e+001	 -1.0879700e+003	
 -2.0860001e+001	 -3.6759998e+001	 -1.0848900e+003	
 -1.9209999e+001	 -3.6669998e+001	 -1.0822100e+003	
 -1.7580000e+001	 -3.6610001e+001	 -1.0802800e+003	
 -1.5970000e+001	 -3.6580002e+001	 -1.0793400e+003	
 -1.4360000e+001	 -3.6560001e+001	 -1.0787800e+003	
 -1.2760000e+001	 -3.6560001e+001	 -1.0787800e+003	
 -1.1170000e+001	 -3.6570000e+001	 -1.0789500e+003	
 -9.5800000e+000	 -3.6580002e+001	 -1.0794500e+003	
 -7.9900000e+000	 -3.6619999e+001	 -1.0805699e+003	
 -6.4000000e+000	 -3.6669998e+001	 -1.0823400e+003	
 -4.8100000e+000	 -3.6779999e+001	 -1.0856899e+003	
 -3.2200000e+000	 -3.6950001e+001	 -1.0910800e+003	
 -1.6200000e+000	 -3.7150002e+001	 -1.0970800e+003	
  1.0000000e-002	 -3.7259998e+001	 -1.1005601e+003	
 -2.9100000e+001	 -3.8650002e+001	 -1.0935699e+003	
 -2.7450001e+001	 -3.8599998e+001	 -1.0922700e+003	
 -2.5809999e+001	 -3.8560001e+001	 -1.0909301e+003	
 -2.4160000e+001	 -3.8500000e+001	 -1.0892700e+003	
 -2.2500000e+001	 -3.8419998e+001	 -1.0867000e+003	
 -2.0820000e+001	 -3.8279999e+001	 -1.0825800e+003	
 -1.9170000e+001	 -3.8189999e+001	 -1.0799399e+003	
 -1.7549999e+001	 -3.8150002e+001	 -1.0787300e+003	
 -1.5950000e+001	 -3.8130001e+001	 -1.0781100e+003	
 -1.4350000e+001	 -3.8119999e+001	 -1.0777800e+003	
 -1.2750000e+001	 -3.8119999e+001	 -1.0777600e+003	
 -1.1160000e+001	 -3.8130001e+001	 -1.0781500e+003	
 -9.5700000e+000	 -3.8150002e+001	 -1.0786300e+003	
 -7.9800000e+000	 -3.8169998e+001	 -1.0794000e+003	
 -6.3900000e+000	 -3.8220001e+001	 -1.0808600e+003	
 -4.8000000e+000	 -3.8310001e+001	 -1.0836700e+003	
 -3.2200000e+000	 -3.8490002e+001	 -1.0888300e+003	
 -1.6100000e+000	 -3.8639999e+001	 -1.0934900e+003	
  1.0000000e-002	 -3.8740002e+001	 -1.0965200e+003	
 -3.0760000e+001	 -4.0310001e+001	 -1.0950200e+003	
 -2.9110001e+001	 -4.0259998e+001	 -1.0937400e+003	
 -2.7450001e+001	 -4.0209999e+001	 -1.0920800e+003	
 -2.5809999e+001	 -4.0160000e+001	 -1.0908101e+003	
 -2.4160000e+001	 -4.0099998e+001	 -1.0890900e+003	
 -2.2459999e+001	 -3.9939999e+001	 -1.0845500e+003	
 -2.0770000e+001	 -3.9779999e+001	 -1.0798000e+003	
 -1.9129999e+001	 -3.9700001e+001	 -1.0776300e+003	
 -1.7530001e+001	 -3.9689999e+001	 -1.0772500e+003	
 -1.5930000e+001	 -3.9680000e+001	 -1.0770500e+003	
 -1.4340000e+001	 -3.9669998e+001	 -1.0768600e+003	
 -1.2740000e+001	 -3.9680000e+001	 -1.0769600e+003	
 -1.1150000e+001	 -3.9689999e+001	 -1.0772700e+003	
 -9.5600000e+000	 -3.9700001e+001	 -1.0776899e+003	
 -7.9700000e+000	 -3.9730000e+001	 -1.0785100e+003	
 -6.3800000e+000	 -3.9770000e+001	 -1.0795200e+003	
 -4.8000000e+000	 -3.9849998e+001	 -1.0819200e+003	
 -3.2100000e+000	 -4.0040001e+001	 -1.0872700e+003	
 -1.6100000e+000	 -4.0230000e+001	 -1.0927200e+003	
  1.0000000e-002	 -4.0299999e+001	 -1.0947800e+003	
 -3.0770000e+001	 -4.1939999e+001	 -1.0954301e+003	
 -2.9100000e+001	 -4.1869999e+001	 -1.0936200e+003	
 -2.7450001e+001	 -4.1810001e+001	 -1.0919399e+003	
 -2.5799999e+001	 -4.1770000e+001	 -1.0907500e+003	
 -2.4139999e+001	 -4.1680000e+001	 -1.0884100e+003	
 -2.2400000e+001	 -4.1430000e+001	 -1.0815900e+003	
 -2.0709999e+001	 -4.1259998e+001	 -1.0767800e+003	
 -1.9100000e+001	 -4.1220001e+001	 -1.0757400e+003	
 -1.7510000e+001	 -4.1220001e+001	 -1.0756801e+003	
 -1.5920000e+001	 -4.1230000e+001	 -1.0759200e+003	
 -1.4330000e+001	 -4.1240002e+001	 -1.0761700e+003	
 -1.2740000e+001	 -4.1240002e+001	 -1.0763500e+003	
 -1.1150000e+001	 -4.1250000e+001	 -1.0765699e+003	
 -9.5600000e+000	 -4.1259998e+001	 -1.0769399e+003	
 -7.9700000e+000	 -4.1279999e+001	 -1.0773900e+003	
 -6.3800000e+000	 -4.1310001e+001	 -1.0783400e+003	
 -4.7900000e+000	 -4.1380001e+001	 -1.0800200e+003	
 -3.2000000e+000	 -4.1549999e+001	 -1.0848400e+003	
 -1.6100000e+000	 -4.1830002e+001	 -1.0925699e+003	
  1.0000000e-002	 -4.1930000e+001	 -1.0953101e+003	
 -3.0780001e+001	 -4.3560001e+001	 -1.0957100e+003	
 -2.9110001e+001	 -4.3500000e+001	 -1.0940200e+003	
 -2.7450001e+001	 -4.3430000e+001	 -1.0922100e+003	
 -2.5809999e+001	 -4.3380001e+001	 -1.0909100e+003	
 -2.4110001e+001	 -4.3230000e+001	 -1.0870500e+003	
 -2.2330000e+001	 -4.2900002e+001	 -1.0782500e+003	
 -2.0680000e+001	 -4.2770000e+001	 -1.0748300e+003	
 -1.9080000e+001	 -4.2759998e+001	 -1.0745800e+003	
 -1.7490000e+001	 -4.2770000e+001	 -1.0746200e+003	
 -1.5900000e+001	 -4.2779999e+001	 -1.0749600e+003	
 -1.4320000e+001	 -4.2790001e+001	 -1.0751801e+003	
 -1.2730000e+001	 -4.2799999e+001	 -1.0754800e+003	
 -1.1140000e+001	 -4.2810001e+001	 -1.0757500e+003	
 -9.5500000e+000	 -4.2820000e+001	 -1.0760100e+003	
 -7.9600000e+000	 -4.2840000e+001	 -1.0765400e+003	
 -6.3700000e+000	 -4.2860001e+001	 -1.0771801e+003	
 -4.7800000e+000	 -4.2900002e+001	 -1.0783300e+003	
 -3.2000000e+000	 -4.3049999e+001	 -1.0822900e+003	
 -1.6100000e+000	 -4.3410000e+001	 -1.0917800e+003	
  1.0000000e-002	 -4.3580002e+001	 -1.0962800e+003	
 -3.2450001e+001	 -4.5250000e+001	 -1.0976400e+003	
 -3.0780001e+001	 -4.5189999e+001	 -1.0959800e+003	
 -2.9110001e+001	 -4.5099998e+001	 -1.0937300e+003	
 -2.7450001e+001	 -4.5029999e+001	 -1.0921200e+003	
 -2.5799999e+001	 -4.4970001e+001	 -1.0904800e+003	
 -2.4049999e+001	 -4.4709999e+001	 -1.0838700e+003	
 -2.2280001e+001	 -4.4389999e+001	 -1.0755300e+003	
 -2.0650000e+001	 -4.4310001e+001	 -1.0736500e+003	
 -1.9059999e+001	 -4.4299999e+001	 -1.0733600e+003	
 -1.7469999e+001	 -4.4299999e+001	 -1.0733600e+003	
 -1.5880000e+001	 -4.4310001e+001	 -1.0735300e+003	
 -1.4300000e+001	 -4.4320000e+001	 -1.0738800e+003	
 -1.2720000e+001	 -4.4340000e+001	 -1.0744399e+003	
 -1.1130000e+001	 -4.4349998e+001	 -1.0747100e+003	
 -9.5400000e+000	 -4.4369999e+001	 -1.0750300e+003	
 -7.9500000e+000	 -4.4380001e+001	 -1.0755200e+003	
 -6.3600000e+000	 -4.4400002e+001	 -1.0759500e+003	
 -4.7800000e+000	 -4.4430000e+001	 -1.0767200e+003	
 -3.1900000e+000	 -4.4580002e+001	 -1.0806500e+003	
 -1.6100000e+000	 -4.4980000e+001	 -1.0908600e+003	
  1.0000000e-002	 -4.5200001e+001	 -1.0964700e+003	
  1.6300000e+000	 -4.5250000e+001	 -1.0977900e+003	
 -3.2450001e+001	 -4.6869999e+001	 -1.0977300e+003	
 -3.0740000e+001	 -4.6730000e+001	 -1.0942500e+003	
 -2.9040001e+001	 -4.6599998e+001	 -1.0910900e+003	
 -2.7389999e+001	 -4.6549999e+001	 -1.0897300e+003	
 -2.5740000e+001	 -4.6470001e+001	 -1.0877800e+003	
 -2.3969999e+001	 -4.6160000e+001	 -1.0802900e+003	
 -2.2250000e+001	 -4.5910000e+001	 -1.0739500e+003	
 -2.0650000e+001	 -4.5880001e+001	 -1.0733400e+003	
 -1.9049999e+001	 -4.5860001e+001	 -1.0728500e+003	
 -1.7459999e+001	 -4.5849998e+001	 -1.0726000e+003	
 -1.5870000e+001	 -4.5849998e+001	 -1.0724900e+003	
 -1.4290000e+001	 -4.5869999e+001	 -1.0729301e+003	
 -1.2700000e+001	 -4.5880001e+001	 -1.0733400e+003	
 -1.1120000e+001	 -4.5889999e+001	 -1.0734600e+003	
 -9.5300000e+000	 -4.5900002e+001	 -1.0737000e+003	
 -7.9400000e+000	 -4.5910000e+001	 -1.0740601e+003	
 -6.3600000e+000	 -4.5930000e+001	 -1.0746400e+003	
 -4.7700000e+000	 -4.5959999e+001	 -1.0753199e+003	
 -3.1900000e+000	 -4.6119999e+001	 -1.0791400e+003	
 -1.6100000e+000	 -4.6560001e+001	 -1.0901801e+003	
  1.0000000e-002	 -4.6840000e+001	 -1.0970300e+003	
  1.6300000e+000	 -4.6910000e+001	 -1.0986600e+003	
 -3.2410000e+001	 -4.8419998e+001	 -1.0960400e+003	
 -3.0660000e+001	 -4.8209999e+001	 -1.0911200e+003	
 -2.8950001e+001	 -4.8060001e+001	 -1.0875699e+003	
 -2.7309999e+001	 -4.8000000e+001	 -1.0860900e+003	
 -2.5620001e+001	 -4.7840000e+001	 -1.0823600e+003	
 -2.3879999e+001	 -4.7580002e+001	 -1.0760300e+003	
 -2.2250000e+001	 -4.7480000e+001	 -1.0737100e+003	
 -2.0639999e+001	 -4.7450001e+001	 -1.0730500e+003	
 -1.9040001e+001	 -4.7430000e+001	 -1.0724200e+003	
 -1.7450001e+001	 -4.7400002e+001	 -1.0716899e+003	
 -1.5860000e+001	 -4.7389999e+001	 -1.0716400e+003	
 -1.4270000e+001	 -4.7389999e+001	 -1.0716000e+003	
 -1.2690000e+001	 -4.7419998e+001	 -1.0722200e+003	
 -1.1110000e+001	 -4.7430000e+001	 -1.0724000e+003	
 -9.5200000e+000	 -4.7430000e+001	 -1.0724900e+003	
 -7.9400000e+000	 -4.7439999e+001	 -1.0728700e+003	
 -6.3500000e+000	 -4.7470001e+001	 -1.0735300e+003	
 -4.7700000e+000	 -4.7500000e+001	 -1.0742500e+003	
 -3.1800000e+000	 -4.7639999e+001	 -1.0776000e+003	
 -1.6100000e+000	 -4.8110001e+001	 -1.0887300e+003	
  1.0000000e-002	 -4.8450001e+001	 -1.0967900e+003	
  1.6300000e+000	 -4.8560001e+001	 -1.0995300e+003	
 -3.2330002e+001	 -4.9910000e+001	 -1.0932600e+003	
 -3.0570000e+001	 -4.9680000e+001	 -1.0878800e+003	
 -2.8889999e+001	 -4.9560001e+001	 -1.0851200e+003	
 -2.7230000e+001	 -4.9459999e+001	 -1.0829200e+003	
 -2.5530001e+001	 -4.9270000e+001	 -1.0783800e+003	
 -2.3860001e+001	 -4.9130001e+001	 -1.0751100e+003	
 -2.2250000e+001	 -4.9080002e+001	 -1.0740500e+003	
 -2.0639999e+001	 -4.9029999e+001	 -1.0729100e+003	
 -1.9040001e+001	 -4.8990002e+001	 -1.0719399e+003	
 -1.7440001e+001	 -4.8959999e+001	 -1.0712800e+003	
 -1.5850000e+001	 -4.8950001e+001	 -1.0710300e+003	
 -1.4270000e+001	 -4.8950001e+001	 -1.0710699e+003	
 -1.2680000e+001	 -4.8959999e+001	 -1.0713000e+003	
 -1.1100000e+001	 -4.8970001e+001	 -1.0714399e+003	
 -9.5100000e+000	 -4.8980000e+001	 -1.0717200e+003	
 -7.9300000e+000	 -4.9000000e+001	 -1.0721400e+003	
 -6.3500000e+000	 -4.9029999e+001	 -1.0729600e+003	
 -4.7600000e+000	 -4.9060001e+001	 -1.0737300e+003	
 -3.1800000e+000	 -4.9180000e+001	 -1.0764500e+003	
 -1.6000000e+000	 -4.9599998e+001	 -1.0860500e+003	
  1.0000000e-002	 -5.0000000e+001	 -1.0953600e+003	
  1.6300000e+000	 -5.0169998e+001	 -1.0994000e+003	
 -3.2279999e+001	 -5.1430000e+001	 -1.0913101e+003	
 -3.0530001e+001	 -5.1220001e+001	 -1.0865000e+003	
 -2.8860001e+001	 -5.1099998e+001	 -1.0838800e+003	
 -2.7180000e+001	 -5.0950001e+001	 -1.0804900e+003	
 -2.5510000e+001	 -5.0810001e+001	 -1.0774100e+003	
 -2.3879999e+001	 -5.0730000e+001	 -1.0756400e+003	
 -2.2260000e+001	 -5.0680000e+001	 -1.0744800e+003	
 -2.0650000e+001	 -5.0630001e+001	 -1.0732700e+003	
 -1.9040001e+001	 -5.0580002e+001	 -1.0721300e+003	
 -1.7440001e+001	 -5.0549999e+001	 -1.0714200e+003	
 -1.5850000e+001	 -5.0529999e+001	 -1.0711100e+003	
 -1.4270000e+001	 -5.0529999e+001	 -1.0710400e+003	
 -1.2680000e+001	 -5.0529999e+001	 -1.0711000e+003	
 -1.1100000e+001	 -5.0540001e+001	 -1.0713101e+003	
 -9.5100000e+000	 -5.0549999e+001	 -1.0715800e+003	
 -7.9300000e+000	 -5.0570000e+001	 -1.0720900e+003	
 -6.3500000e+000	 -5.0610001e+001	 -1.0729000e+003	
 -4.7600000e+000	 -5.0660000e+001	 -1.0739399e+003	
 -3.1800000e+000	 -5.0750000e+001	 -1.0759900e+003	
 -1.6000000e+000	 -5.1099998e+001	 -1.0838500e+003	
  1.0000000e-002	 -5.1520000e+001	 -1.0931801e+003	
  1.6300000e+000	 -5.1759998e+001	 -1.0987200e+003	
 -3.2259998e+001	 -5.3020000e+001	 -1.0908300e+003	
 -3.0520000e+001	 -5.2790001e+001	 -1.0859200e+003	
 -2.8850000e+001	 -5.2680000e+001	 -1.0834700e+003	
 -2.7180000e+001	 -5.2560001e+001	 -1.0807300e+003	
 -2.5530001e+001	 -5.2439999e+001	 -1.0782100e+003	
 -2.3889999e+001	 -5.2360001e+001	 -1.0765400e+003	
 -2.2280001e+001	 -5.2310001e+001	 -1.0754000e+003	
 -2.0660000e+001	 -5.2250000e+001	 -1.0741000e+003	
 -1.9049999e+001	 -5.2189999e+001	 -1.0728000e+003	
 -1.7450001e+001	 -5.2150002e+001	 -1.0720000e+003	
 -1.5860000e+001	 -5.2130001e+001	 -1.0716200e+003	
 -1.4270000e+001	 -5.2130001e+001	 -1.0714399e+003	
 -1.2690000e+001	 -5.2130001e+001	 -1.0715400e+003	
 -1.1100000e+001	 -5.2139999e+001	 -1.0717600e+003	
 -9.5200000e+000	 -5.2150002e+001	 -1.0720100e+003	
 -7.9300000e+000	 -5.2169998e+001	 -1.0724900e+003	
 -6.3500000e+000	 -5.2209999e+001	 -1.0733101e+003	
 -4.7700000e+000	 -5.2259998e+001	 -1.0744000e+003	
 -3.1800000e+000	 -5.2349998e+001	 -1.0763700e+003	
 -1.6000000e+000	 -5.2630001e+001	 -1.0824600e+003	
  1.0000000e-002	 -5.3049999e+001	 -1.0915400e+003	
  1.6300000e+000	 -5.3299999e+001	 -1.0969000e+003	
 -3.2279999e+001	 -5.4660000e+001	 -1.0915601e+003	
 -3.0530001e+001	 -5.4419998e+001	 -1.0864500e+003	
 -2.8870001e+001	 -5.4320000e+001	 -1.0842800e+003	
 -2.7219999e+001	 -5.4220001e+001	 -1.0822800e+003	
 -2.5559999e+001	 -5.4099998e+001	 -1.0797000e+003	
 -2.3920000e+001	 -5.4009998e+001	 -1.0778800e+003	
 -2.2299999e+001	 -5.3950001e+001	 -1.0765800e+003	
 -2.0680000e+001	 -5.3889999e+001	 -1.0752700e+003	
 -1.9070000e+001	 -5.3830002e+001	 -1.0741000e+003	
 -1.7469999e+001	 -5.3790001e+001	 -1.0732000e+003	
 -1.5870000e+001	 -5.3759998e+001	 -1.0726000e+003	
 -1.4280000e+001	 -5.3750000e+001	 -1.0723199e+003	
 -1.2690000e+001	 -5.3750000e+001	 -1.0722800e+003	
 -1.1110000e+001	 -5.3750000e+001	 -1.0724600e+003	
 -9.5200000e+000	 -5.3770000e+001	 -1.0727300e+003	
 -7.9400000e+000	 -5.3799999e+001	 -1.0733400e+003	
 -6.3600000e+000	 -5.3840000e+001	 -1.0742800e+003	
 -4.7700000e+000	 -5.3900002e+001	 -1.0755200e+003	
 -3.1800000e+000	 -5.3980000e+001	 -1.0772900e+003	
 -1.6000000e+000	 -5.4240002e+001	 -1.0827900e+003	
  1.0000000e-002	 -5.4570000e+001	 -1.0895900e+003	
  1.6300000e+000	 -5.4860001e+001	 -1.0957600e+003	
 -3.2310001e+001	 -5.6310001e+001	 -1.0924600e+003	
 -3.0510000e+001	 -5.5980000e+001	 -1.0856200e+003	
 -2.8850000e+001	 -5.5880001e+001	 -1.0835300e+003	
 -2.7240000e+001	 -5.5849998e+001	 -1.0830500e+003	
 -2.5600000e+001	 -5.5770000e+001	 -1.0813300e+003	
 -2.3959999e+001	 -5.5680000e+001	 -1.0795800e+003	
 -2.2330000e+001	 -5.5599998e+001	 -1.0778900e+003	
 -2.0700001e+001	 -5.5529999e+001	 -1.0763300e+003	
 -1.9090000e+001	 -5.5459999e+001	 -1.0750400e+003	
 -1.7490000e+001	 -5.5419998e+001	 -1.0742600e+003	
 -1.5890000e+001	 -5.5400002e+001	 -1.0737200e+003	
 -1.4290000e+001	 -5.5380001e+001	 -1.0733400e+003	
 -1.2710000e+001	 -5.5380001e+001	 -1.0733000e+003	
 -1.1120000e+001	 -5.5380001e+001	 -1.0734301e+003	
 -9.5300000e+000	 -5.5410000e+001	 -1.0738900e+003	
 -7.9500000e+000	 -5.5439999e+001	 -1.0745500e+003	
 -6.3600000e+000	 -5.5500000e+001	 -1.0758700e+003	
 -4.7800000e+000	 -5.5570000e+001	 -1.0772900e+003	
 -3.1900000e+000	 -5.5650002e+001	 -1.0789399e+003	
 -1.6000000e+000	 -5.5840000e+001	 -1.0826899e+003	
  1.0000000e-002	 -5.6119999e+001	 -1.0884800e+003	
  1.6200000e+000	 -5.6450001e+001	 -1.0952200e+003	
 -3.2340000e+001	 -5.7980000e+001	 -1.0936300e+003	
 -3.0600000e+001	 -5.7750000e+001	 -1.0890400e+003	
 -2.8860001e+001	 -5.7500000e+001	 -1.0839600e+003	
 -2.7200001e+001	 -5.7380001e+001	 -1.0815601e+003	
 -2.5580000e+001	 -5.7330002e+001	 -1.0805500e+003	
 -2.3950001e+001	 -5.7250000e+001	 -1.0790300e+003	
 -2.2340000e+001	 -5.7209999e+001	 -1.0782600e+003	
 -2.0709999e+001	 -5.7130001e+001	 -1.0767500e+003	
 -1.9100000e+001	 -5.7090000e+001	 -1.0758800e+003	
 -1.7500000e+001	 -5.7049999e+001	 -1.0750400e+003	
 -1.5900000e+001	 -5.7020000e+001	 -1.0745800e+003	
 -1.4310000e+001	 -5.7009998e+001	 -1.0743500e+003	
 -1.2720000e+001	 -5.7009998e+001	 -1.0742900e+003	
 -1.1130000e+001	 -5.7020000e+001	 -1.0745800e+003	
 -9.5400000e+000	 -5.7060001e+001	 -1.0752600e+003	
 -7.9600000e+000	 -5.7110001e+001	 -1.0762200e+003	
 -6.3700000e+000	 -5.7169998e+001	 -1.0775300e+003	
 -4.7900000e+000	 -5.7250000e+001	 -1.0790900e+003	
 -3.1900000e+000	 -5.7340000e+001	 -1.0808500e+003	
 -1.6000000e+000	 -5.7509998e+001	 -1.0841899e+003	
  1.0000000e-002	 -5.7720001e+001	 -1.0885200e+003	
  1.6300000e+000	 -5.8180000e+001	 -1.0975601e+003	
 -3.0680000e+001	 -5.9509998e+001	 -1.0920400e+003	
 -2.9000000e+001	 -5.9380001e+001	 -1.0895300e+003	
 -2.7340000e+001	 -5.9270000e+001	 -1.0873700e+003	
 -2.5680000e+001	 -5.9160000e+001	 -1.0852000e+003	
 -2.4040001e+001	 -5.9070000e+001	 -1.0834600e+003	
 -2.2389999e+001	 -5.8959999e+001	 -1.0812800e+003	
 -2.0740000e+001	 -5.8790001e+001	 -1.0780300e+003	
 -1.9110001e+001	 -5.8709999e+001	 -1.0765100e+003	
 -1.7520000e+001	 -5.8700001e+001	 -1.0763800e+003	
 -1.5920000e+001	 -5.8669998e+001	 -1.0757400e+003	
 -1.4320000e+001	 -5.8660000e+001	 -1.0755300e+003	
 -1.2730000e+001	 -5.8660000e+001	 -1.0756200e+003	
 -1.1140000e+001	 -5.8680000e+001	 -1.0760100e+003	
 -9.5600000e+000	 -5.8709999e+001	 -1.0766100e+003	
 -7.9700000e+000	 -5.8750000e+001	 -1.0774100e+003	
 -6.3800000e+000	 -5.8799999e+001	 -1.0782000e+003	
 -4.7900000e+000	 -5.8849998e+001	 -1.0792000e+003	
 -3.2000000e+000	 -5.8980000e+001	 -1.0818199e+003	
 -1.6000000e+000	 -5.9139999e+001	 -1.0849200e+003	
  1.0000000e-002	 -5.9400002e+001	 -1.0898500e+003	
 -2.9049999e+001	 -6.1090000e+001	 -1.0915100e+003	
 -2.7400000e+001	 -6.1020000e+001	 -1.0900900e+003	
 -2.5770000e+001	 -6.0959999e+001	 -1.0889600e+003	
 -2.4129999e+001	 -6.0880001e+001	 -1.0875601e+003	
 -2.2490000e+001	 -6.0790001e+001	 -1.0858800e+003	
 -2.0840000e+001	 -6.0680000e+001	 -1.0837100e+003	
 -1.9160000e+001	 -6.0439999e+001	 -1.0792500e+003	
 -1.7520000e+001	 -6.0299999e+001	 -1.0766300e+003	
 -1.5940000e+001	 -6.0330002e+001	 -1.0771600e+003	
 -1.4350000e+001	 -6.0349998e+001	 -1.0775300e+003	
 -1.2750000e+001	 -6.0349998e+001	 -1.0775500e+003	
 -1.1160000e+001	 -6.0360001e+001	 -1.0776400e+003	
 -9.5700000e+000	 -6.0380001e+001	 -1.0780800e+003	
 -7.9800000e+000	 -6.0419998e+001	 -1.0788700e+003	
 -6.3900000e+000	 -6.0540001e+001	 -1.0811899e+003	
 -4.8000000e+000	 -6.0570000e+001	 -1.0816500e+003	
 -3.2000000e+000	 -6.0680000e+001	 -1.0837500e+003	
 -1.6000000e+000	 -6.0869999e+001	 -1.0874301e+003	
  1.0000000e-002	 -6.1360001e+001	 -1.0966200e+003	
 -2.7430000e+001	 -6.2680000e+001	 -1.0912300e+003	
 -2.5790001e+001	 -6.2619999e+001	 -1.0901200e+003	
 -2.4160000e+001	 -6.2570000e+001	 -1.0891400e+003	
 -2.2530001e+001	 -6.2520000e+001	 -1.0882000e+003	
 -2.0900000e+001	 -6.2470001e+001	 -1.0872300e+003	
 -1.9260000e+001	 -6.2349998e+001	 -1.0851600e+003	
 -1.7590000e+001	 -6.2110001e+001	 -1.0807700e+003	
 -1.5930000e+001	 -6.1910000e+001	 -1.0770000e+003	
 -1.4350000e+001	 -6.1930000e+001	 -1.0774600e+003	
 -1.2760000e+001	 -6.1990002e+001	 -1.0784900e+003	
 -1.1170000e+001	 -6.1980000e+001	 -1.0782600e+003	
 -9.5800000e+000	 -6.2040001e+001	 -1.0794200e+003	
 -8.0100000e+000	 -6.2250000e+001	 -1.0832000e+003	
 -6.4200000e+000	 -6.2400002e+001	 -1.0860601e+003	
 -4.8200000e+000	 -6.2480000e+001	 -1.0874900e+003	
 -3.2200000e+000	 -6.2590000e+001	 -1.0895100e+003	
 -1.6100000e+000	 -6.2770000e+001	 -1.0927800e+003	
  1.0000000e-002	 -6.3040001e+001	 -1.0977700e+003	
 -2.2549999e+001	 -6.4190002e+001	 -1.0893199e+003	
 -2.0930000e+001	 -6.4150002e+001	 -1.0887000e+003	
 -1.9309999e+001	 -6.4099998e+001	 -1.0878400e+003	
 -1.7670000e+001	 -6.4010002e+001	 -1.0861400e+003	
 -1.6020000e+001	 -6.3820000e+001	 -1.0828101e+003	
 -1.4380000e+001	 -6.3660000e+001	 -1.0798600e+003	
 -1.2780000e+001	 -6.3639999e+001	 -1.0795601e+003	
 -1.1200000e+001	 -6.3779999e+001	 -1.0819700e+003	
 -9.6300000e+000	 -6.3970001e+001	 -1.0854000e+003	
 -8.0500000e+000	 -6.4139999e+001	 -1.0885400e+003	
 -6.4500000e+000	 -6.4250000e+001	 -1.0905601e+003	
 -4.8400000e+000	 -6.4349998e+001	 -1.0923101e+003	
 -3.2300000e+000	 -6.4440002e+001	 -1.0939600e+003	
 -1.4460000e+001	 -6.5620003e+001	 -1.0862900e+003	
 -1.2850000e+001	 -6.5610001e+001	 -1.0862300e+003	
 -1.1250000e+001	 -6.5680000e+001	 -1.0873900e+003	
 -9.6600000e+000	 -6.5779999e+001	 -1.0891300e+003	
 -8.0600000e+000	 -6.5870003e+001	 -1.0907900e+003	
 -6.4600000e+000	 -6.5959999e+001	 -1.0923600e+003	
 -4.8500000e+000	 -6.6050003e+001	 -1.0938500e+003	
