  4.7400000e+000	  5.1849998e+001	 -1.0657500e+003	
  6.3100000e+000	  5.1830002e+001	 -1.0654399e+003	
  7.8900000e+000	  5.1830002e+001	 -1.0654500e+003	
  9.4700000e+000	  5.1840000e+001	 -1.0655000e+003	
  1.1050000e+001	  5.1840000e+001	 -1.0656400e+003	
  1.2630000e+001	  5.1849998e+001	 -1.0658500e+003	
  3.1600000e+000	  5.0290001e+001	 -1.0661000e+003	
  4.7400000e+000	  5.0270000e+001	 -1.0655900e+003	
  6.3100000e+000	  5.0250000e+001	 -1.0652000e+003	
  7.8900000e+000	  5.0250000e+001	 -1.0650900e+003	
  9.4600000e+000	  5.0250000e+001	 -1.0650500e+003	
  1.1040000e+001	  5.0259998e+001	 -1.0653500e+003	
  1.2630000e+001	  5.0279999e+001	 -1.0658500e+003	
  1.4210000e+001	  5.0310001e+001	 -1.0664200e+003	
  3.1600000e+000	  4.8720001e+001	 -1.0661000e+003	
  4.7400000e+000	  4.8689999e+001	 -1.0654700e+003	
  6.3100000e+000	  4.8660000e+001	 -1.0647900e+003	
  7.8800000e+000	  4.8650002e+001	 -1.0644100e+003	
  9.4600000e+000	  4.8650002e+001	 -1.0645400e+003	
  1.1040000e+001	  4.8669998e+001	 -1.0648400e+003	
  1.2620000e+001	  4.8689999e+001	 -1.0653800e+003	
  1.4210000e+001	  4.8730000e+001	 -1.0663199e+003	
  3.1600000e+000	  4.7150002e+001	 -1.0662600e+003	
  4.7300000e+000	  4.7110001e+001	 -1.0652800e+003	
  6.3100000e+000	  4.7080002e+001	 -1.0644200e+003	
  7.8800000e+000	  4.7060001e+001	 -1.0638900e+003	
  9.4500000e+000	  4.7049999e+001	 -1.0638199e+003	
  1.1030000e+001	  4.7060001e+001	 -1.0640800e+003	
  1.2620000e+001	  4.7099998e+001	 -1.0649900e+003	
  1.4210000e+001	  4.7160000e+001	 -1.0663000e+003	
  1.5800000e+001	  4.7209999e+001	 -1.0675900e+003	
  3.1600000e+000	  4.5590000e+001	 -1.0664000e+003	
  4.7300000e+000	  4.5529999e+001	 -1.0650400e+003	
  6.3000000e+000	  4.5490002e+001	 -1.0639500e+003	
  7.8700000e+000	  4.5459999e+001	 -1.0633500e+003	
  9.4500000e+000	  4.5459999e+001	 -1.0631801e+003	
  1.1030000e+001	  4.5480000e+001	 -1.0636200e+003	
  1.2610000e+001	  4.5509998e+001	 -1.0645400e+003	
  1.4200000e+001	  4.5570000e+001	 -1.0659100e+003	
  1.5810000e+001	  4.5639999e+001	 -1.0676899e+003	
  3.1600000e+000	  4.4009998e+001	 -1.0662500e+003	
  4.7300000e+000	  4.3959999e+001	 -1.0648900e+003	
  6.3000000e+000	  4.3919998e+001	 -1.0638800e+003	
  7.8700000e+000	  4.3880001e+001	 -1.0628101e+003	
  9.4400000e+000	  4.3860001e+001	 -1.0624800e+003	
  1.1010000e+001	  4.3869999e+001	 -1.0625601e+003	
  1.2600000e+001	  4.3910000e+001	 -1.0636500e+003	
  1.4200000e+001	  4.3980000e+001	 -1.0655300e+003	
  1.5810000e+001	  4.4070000e+001	 -1.0678500e+003	
  3.1600000e+000	  4.2459999e+001	 -1.0667600e+003	
  4.7300000e+000	  4.2389999e+001	 -1.0650601e+003	
  6.3000000e+000	  4.2330002e+001	 -1.0632800e+003	
  7.8600000e+000	  4.2270000e+001	 -1.0618000e+003	
  9.4300000e+000	  4.2250000e+001	 -1.0611400e+003	
  1.1000000e+001	  4.2259998e+001	 -1.0614200e+003	
  1.2590000e+001	  4.2299999e+001	 -1.0624600e+003	
  1.4190000e+001	  4.2400002e+001	 -1.0652600e+003	
  1.5810000e+001	  4.2500000e+001	 -1.0677900e+003	
  3.1600000e+000	  4.0900002e+001	 -1.0670699e+003	
  4.7300000e+000	  4.0799999e+001	 -1.0643800e+003	
  6.2900000e+000	  4.0709999e+001	 -1.0620800e+003	
  7.8600000e+000	  4.0660000e+001	 -1.0605900e+003	
  9.4200000e+000	  4.0630001e+001	 -1.0596700e+003	
  1.0990000e+001	  4.0630001e+001	 -1.0597600e+003	
  1.2570000e+001	  4.0660000e+001	 -1.0607000e+003	
  1.4170000e+001	  4.0759998e+001	 -1.0633700e+003	
  1.5810000e+001	  4.0930000e+001	 -1.0679301e+003	
  3.1600000e+000	  3.9330002e+001	 -1.0672700e+003	
  4.7300000e+000	  3.9200001e+001	 -1.0636899e+003	
  6.2900000e+000	  3.9119999e+001	 -1.0611700e+003	
  7.8500000e+000	  3.9049999e+001	 -1.0593500e+003	
  9.4100000e+000	  3.9020000e+001	 -1.0583500e+003	
  1.0970000e+001	  3.9009998e+001	 -1.0582200e+003	
  1.2540000e+001	  3.9029999e+001	 -1.0587600e+003	
  1.4150000e+001	  3.9150002e+001	 -1.0621200e+003	
  1.5800000e+001	  3.9330002e+001	 -1.0672800e+003	
  1.7440001e+001	  3.9470001e+001	 -1.0713300e+003	
  3.1600000e+000	  3.7759998e+001	 -1.0674600e+003	
  4.7300000e+000	  3.7650002e+001	 -1.0639800e+003	
  6.2800000e+000	  3.7520000e+001	 -1.0602400e+003	
  7.8400000e+000	  3.7450001e+001	 -1.0579900e+003	
  9.3900000e+000	  3.7410000e+001	 -1.0568700e+003	
  1.0960000e+001	  3.7400002e+001	 -1.0566600e+003	
  1.2530000e+001	  3.7410000e+001	 -1.0570699e+003	
  1.4120000e+001	  3.7480000e+001	 -1.0591500e+003	
  1.5780000e+001	  3.7720001e+001	 -1.0661000e+003	
  1.7450001e+001	  3.7919998e+001	 -1.0720400e+003	
  3.1600000e+000	  3.6189999e+001	 -1.0674800e+003	
  4.7200000e+000	  3.6040001e+001	 -1.0628700e+003	
  6.2800000e+000	  3.5910000e+001	 -1.0588700e+003	
  7.8300000e+000	  3.5849998e+001	 -1.0568900e+003	
  9.3800000e+000	  3.5810001e+001	 -1.0556000e+003	
  1.0940000e+001	  3.5790001e+001	 -1.0549100e+003	
  1.2500000e+001	  3.5790001e+001	 -1.0550000e+003	
  1.4080000e+001	  3.5820000e+001	 -1.0560200e+003	
  1.5750000e+001	  3.6080002e+001	 -1.0639800e+003	
  1.7440001e+001	  3.6320000e+001	 -1.0715100e+003	
  1.9080000e+001	  3.6419998e+001	 -1.0746100e+003	
  3.1700000e+000	  3.4630001e+001	 -1.0680300e+003	
  4.7200000e+000	  3.4450001e+001	 -1.0619600e+003	
  6.2700000e+000	  3.4299999e+001	 -1.0572100e+003	
  7.8200000e+000	  3.4240002e+001	 -1.0551899e+003	
  9.3700000e+000	  3.4200001e+001	 -1.0538199e+003	
  1.0920000e+001	  3.4169998e+001	 -1.0530300e+003	
  1.2480000e+001	  3.4169998e+001	 -1.0530300e+003	
  1.4050000e+001	  3.4200001e+001	 -1.0539301e+003	
  1.5680000e+001	  3.4349998e+001	 -1.0588500e+003	
  1.7400000e+001	  3.4660000e+001	 -1.0688600e+003	
  1.9080000e+001	  3.4830002e+001	 -1.0743300e+003	
  3.1700000e+000	  3.3060001e+001	 -1.0681801e+003	
  4.7200000e+000	  3.2849998e+001	 -1.0610601e+003	
  6.2600000e+000	  3.2709999e+001	 -1.0561200e+003	
  7.8000000e+000	  3.2630001e+001	 -1.0534200e+003	
  9.3500000e+000	  3.2590000e+001	 -1.0519100e+003	
  1.0900000e+001	  3.2560001e+001	 -1.0511801e+003	
  1.2460000e+001	  3.2570000e+001	 -1.0512600e+003	
  1.4020000e+001	  3.2580002e+001	 -1.0517500e+003	
  1.5600000e+001	  3.2630001e+001	 -1.0533500e+003	
  1.7330000e+001	  3.2939999e+001	 -1.0641300e+003	
  1.9059999e+001	  3.3220001e+001	 -1.0733900e+003	
  3.1700000e+000	  3.1490000e+001	 -1.0684399e+003	
  4.7100000e+000	  3.1250000e+001	 -1.0595400e+003	
  6.2500000e+000	  3.1090000e+001	 -1.0540900e+003	
  7.7900000e+000	  3.1030001e+001	 -1.0519100e+003	
  9.3400000e+000	  3.0990000e+001	 -1.0502800e+003	
  1.0880000e+001	  3.0969999e+001	 -1.0494500e+003	
  1.2440000e+001	  3.0959999e+001	 -1.0492400e+003	
  1.4000000e+001	  3.0980000e+001	 -1.0499399e+003	
  1.5570000e+001	  3.1020000e+001	 -1.0512200e+003	
  1.7240000e+001	  3.1209999e+001	 -1.0582300e+003	
  1.8980000e+001	  3.1500000e+001	 -1.0686100e+003	
  2.0629999e+001	  3.1610001e+001	 -1.0727000e+003	
  3.1600000e+000	  2.9889999e+001	 -1.0675000e+003	
  4.7000000e+000	  2.9650000e+001	 -1.0582300e+003	
  6.2400000e+000	  2.9500000e+001	 -1.0525000e+003	
  7.7800000e+000	  2.9430000e+001	 -1.0501400e+003	
  9.3200000e+000	  2.9400000e+001	 -1.0486600e+003	
  1.0870000e+001	  2.9379999e+001	 -1.0479700e+003	
  1.2420000e+001	  2.9370001e+001	 -1.0477200e+003	
  1.3980000e+001	  2.9379999e+001	 -1.0481100e+003	
  1.5540000e+001	  2.9410000e+001	 -1.0492400e+003	
  1.7139999e+001	  2.9480000e+001	 -1.0518600e+003	
  1.8879999e+001	  2.9770000e+001	 -1.0626300e+003	
  2.0530001e+001	  2.9879999e+001	 -1.0669600e+003	
  1.5900000e+000	  2.8379999e+001	 -1.0699399e+003	
  3.1600000e+000	  2.8290001e+001	 -1.0662900e+003	
  4.7000000e+000	  2.8059999e+001	 -1.0573000e+003	
  6.2300000e+000	  2.7900000e+001	 -1.0508199e+003	
  7.7700000e+000	  2.7850000e+001	 -1.0488500e+003	
  9.3100000e+000	  2.7809999e+001	 -1.0473000e+003	
  1.0850000e+001	  2.7790001e+001	 -1.0463600e+003	
  1.2400000e+001	  2.7790001e+001	 -1.0461300e+003	
  1.3960000e+001	  2.7790001e+001	 -1.0465200e+003	
  1.5520000e+001	  2.7820000e+001	 -1.0476200e+003	
  1.7110001e+001	  2.7870001e+001	 -1.0496700e+003	
  1.8740000e+001	  2.8000000e+001	 -1.0545000e+003	
  2.0440001e+001	  2.8190001e+001	 -1.0621300e+003	
  1.5900000e+000	  2.6760000e+001	 -1.0681600e+003	
  3.1500000e+000	  2.6670000e+001	 -1.0641801e+003	
  4.6900000e+000	  2.6459999e+001	 -1.0555900e+003	
  6.2200000e+000	  2.6320000e+001	 -1.0494100e+003	
  7.7600000e+000	  2.6270000e+001	 -1.0474399e+003	
  9.3000000e+000	  2.6240000e+001	 -1.0459100e+003	
  1.0840000e+001	  2.6209999e+001	 -1.0449900e+003	
  1.2390000e+001	  2.6209999e+001	 -1.0447000e+003	
  1.3940000e+001	  2.6209999e+001	 -1.0449700e+003	
  1.5500000e+001	  2.6230000e+001	 -1.0458300e+003	
  1.7080000e+001	  2.6280001e+001	 -1.0477800e+003	
  1.8680000e+001	  2.6350000e+001	 -1.0505699e+003	
  2.0340000e+001	  2.6490000e+001	 -1.0566600e+003	
  2.1980000e+001	  2.6580000e+001	 -1.0604600e+003	
  1.5800000e+000	  2.5110001e+001	 -1.0645200e+003	
  3.1400000e+000	  2.5020000e+001	 -1.0607600e+003	
  4.6800000e+000	  2.4830000e+001	 -1.0521100e+003	
  6.2200000e+000	  2.4750000e+001	 -1.0483500e+003	
  7.7500000e+000	  2.4700001e+001	 -1.0463300e+003	
  9.2900000e+000	  2.4670000e+001	 -1.0447600e+003	
  1.0830000e+001	  2.4639999e+001	 -1.0437700e+003	
  1.2370000e+001	  2.4639999e+001	 -1.0433800e+003	
  1.3920000e+001	  2.4639999e+001	 -1.0435500e+003	
  1.5480000e+001	  2.4660000e+001	 -1.0444399e+003	
  1.7049999e+001	  2.4700001e+001	 -1.0460800e+003	
  1.8639999e+001	  2.4750000e+001	 -1.0485000e+003	
  2.0270000e+001	  2.4840000e+001	 -1.0526300e+003	
  2.1950001e+001	  2.4990000e+001	 -1.0591100e+003	
  1.5800000e+000	  2.3520000e+001	 -1.0636600e+003	
  3.1400000e+000	  2.3400000e+001	 -1.0578300e+003	
  4.6800000e+000	  2.3280001e+001	 -1.0522300e+003	
  6.2100000e+000	  2.3180000e+001	 -1.0474600e+003	
  7.7500000e+000	  2.3129999e+001	 -1.0451899e+003	
  9.2800000e+000	  2.3100000e+001	 -1.0435900e+003	
  1.0820000e+001	  2.3080000e+001	 -1.0426100e+003	
  1.2360000e+001	  2.3070000e+001	 -1.0421600e+003	
  1.3900000e+001	  2.3070000e+001	 -1.0422200e+003	
  1.5460000e+001	  2.3090000e+001	 -1.0429700e+003	
  1.7020000e+001	  2.3120001e+001	 -1.0444500e+003	
  1.8610001e+001	  2.3170000e+001	 -1.0466500e+003	
  2.0209999e+001	  2.3230000e+001	 -1.0495500e+003	
  2.1870001e+001	  2.3330000e+001	 -1.0546100e+003	
  2.3510000e+001	  2.3410000e+001	 -1.0583800e+003	
  1.5800000e+000	  2.1920000e+001	 -1.0619900e+003	
  3.1300000e+000	  2.1820000e+001	 -1.0569399e+003	
  4.6700000e+000	  2.1690001e+001	 -1.0504100e+003	
  6.2100000e+000	  2.1620001e+001	 -1.0465500e+003	
  7.7400000e+000	  2.1580000e+001	 -1.0444100e+003	
  9.2700000e+000	  2.1540001e+001	 -1.0427700e+003	
  1.0810000e+001	  2.1530001e+001	 -1.0418199e+003	
  1.2350000e+001	  2.1510000e+001	 -1.0411899e+003	
  1.3890000e+001	  2.1510000e+001	 -1.0411100e+003	
  1.5440000e+001	  2.1520000e+001	 -1.0416700e+003	
  1.7000000e+001	  2.1549999e+001	 -1.0427700e+003	
  1.8580000e+001	  2.1580000e+001	 -1.0447400e+003	
  2.0170000e+001	  2.1639999e+001	 -1.0474900e+003	
  2.1790001e+001	  2.1700001e+001	 -1.0508199e+003	
  2.3440001e+001	  2.1790001e+001	 -1.0553300e+003	
  2.5049999e+001	  2.1830000e+001	 -1.0572700e+003	
  1.5700000e+000	  2.0320000e+001	 -1.0604000e+003	
  3.1300000e+000	  2.0219999e+001	 -1.0548900e+003	
  4.6600000e+000	  2.0110001e+001	 -1.0488000e+003	
  6.2000000e+000	  2.0049999e+001	 -1.0454100e+003	
  7.7300000e+000	  2.0020000e+001	 -1.0435000e+003	
  9.2700000e+000	  1.9990000e+001	 -1.0418900e+003	
  1.0800000e+001	  1.9969999e+001	 -1.0409100e+003	
  1.2340000e+001	  1.9959999e+001	 -1.0404100e+003	
  1.3870000e+001	  1.9959999e+001	 -1.0401000e+003	
  1.5420000e+001	  1.9959999e+001	 -1.0404200e+003	
  1.6980000e+001	  1.9980000e+001	 -1.0413800e+003	
  1.8540001e+001	  2.0010000e+001	 -1.0428800e+003	
  2.0129999e+001	  2.0049999e+001	 -1.0450500e+003	
  2.1750000e+001	  2.0110001e+001	 -1.0485800e+003	
  2.3389999e+001	  2.0190001e+001	 -1.0528101e+003	
  2.5010000e+001	  2.0240000e+001	 -1.0557200e+003	
  2.6620001e+001	  2.0280001e+001	 -1.0576200e+003	
  1.5700000e+000	  1.8730000e+001	 -1.0586700e+003	
  3.1200000e+000	  1.8650000e+001	 -1.0535601e+003	
  4.6600000e+000	  1.8549999e+001	 -1.0478400e+003	
  6.1900000e+000	  1.8500000e+001	 -1.0446300e+003	
  7.7200000e+000	  1.8459999e+001	 -1.0422300e+003	
  9.2600000e+000	  1.8430000e+001	 -1.0407300e+003	
  1.0790000e+001	  1.8410000e+001	 -1.0396000e+003	
  1.2320000e+001	  1.8400000e+001	 -1.0390400e+003	
  1.3860000e+001	  1.8400000e+001	 -1.0389700e+003	
  1.5400000e+001	  1.8410000e+001	 -1.0391700e+003	
  1.6950001e+001	  1.8420000e+001	 -1.0399700e+003	
  1.8510000e+001	  1.8440001e+001	 -1.0410900e+003	
  2.0090000e+001	  1.8469999e+001	 -1.0427900e+003	
  2.1690001e+001	  1.8520000e+001	 -1.0457800e+003	
  2.3360001e+001	  1.8610001e+001	 -1.0512300e+003	
  2.5000000e+001	  1.8680000e+001	 -1.0551700e+003	
  2.6600000e+001	  1.8700001e+001	 -1.0567700e+003	
  1.5700000e+000	  1.7150000e+001	 -1.0574800e+003	
  3.1200000e+000	  1.7070000e+001	 -1.0523700e+003	
  4.6600000e+000	  1.6990000e+001	 -1.0468700e+003	
  6.1900000e+000	  1.6940001e+001	 -1.0436600e+003	
  7.7200000e+000	  1.6910000e+001	 -1.0415601e+003	
  9.2500000e+000	  1.6879999e+001	 -1.0398800e+003	
  1.0780000e+001	  1.6860001e+001	 -1.0385800e+003	
  1.2310000e+001	  1.6860001e+001	 -1.0380200e+003	
  1.3850000e+001	  1.6850000e+001	 -1.0379000e+003	
  1.5390000e+001	  1.6860001e+001	 -1.0382000e+003	
  1.6940001e+001	  1.6870001e+001	 -1.0387900e+003	
  1.8500000e+001	  1.6889999e+001	 -1.0399700e+003	
  2.0059999e+001	  1.6910000e+001	 -1.0412500e+003	
  2.1650000e+001	  1.6940001e+001	 -1.0434100e+003	
  2.3309999e+001	  1.7020000e+001	 -1.0489100e+003	
  2.4980000e+001	  1.7110001e+001	 -1.0542500e+003	
  2.6590000e+001	  1.7139999e+001	 -1.0563400e+003	
  2.8200001e+001	  1.7160000e+001	 -1.0579399e+003	
  1.5700000e+000	  1.5580000e+001	 -1.0566200e+003	
  3.1200000e+000	  1.5510000e+001	 -1.0513600e+003	
  4.6500000e+000	  1.5430000e+001	 -1.0458300e+003	
  6.1800000e+000	  1.5390000e+001	 -1.0425601e+003	
  7.7100000e+000	  1.5360000e+001	 -1.0404100e+003	
  9.2400000e+000	  1.5330000e+001	 -1.0388400e+003	
  1.0770000e+001	  1.5320000e+001	 -1.0378900e+003	
  1.2300000e+001	  1.5310000e+001	 -1.0371300e+003	
  1.3840000e+001	  1.5310000e+001	 -1.0370601e+003	
  1.5380000e+001	  1.5310000e+001	 -1.0373700e+003	
  1.6920000e+001	  1.5320000e+001	 -1.0379600e+003	
  1.8480000e+001	  1.5340000e+001	 -1.0389500e+003	
  2.0040001e+001	  1.5350000e+001	 -1.0401200e+003	
  2.1610001e+001	  1.5370000e+001	 -1.0415300e+003	
  2.3219999e+001	  1.5420000e+001	 -1.0448700e+003	
  2.4940001e+001	  1.5530000e+001	 -1.0523700e+003	
  2.6590000e+001	  1.5580000e+001	 -1.0561100e+003	
  2.8190001e+001	  1.5600000e+001	 -1.0577100e+003	
  1.5700000e+000	  1.4020000e+001	 -1.0565400e+003	
  3.1200000e+000	  1.3950000e+001	 -1.0509301e+003	
  4.6500000e+000	  1.3870000e+001	 -1.0443900e+003	
  6.1700000e+000	  1.3830000e+001	 -1.0412700e+003	
  7.7000000e+000	  1.3810000e+001	 -1.0394800e+003	
  9.2300000e+000	  1.3790000e+001	 -1.0379100e+003	
  1.0760000e+001	  1.3780000e+001	 -1.0369301e+003	
  1.2290000e+001	  1.3770000e+001	 -1.0363700e+003	
  1.3820000e+001	  1.3770000e+001	 -1.0361801e+003	
  1.5360000e+001	  1.3770000e+001	 -1.0364301e+003	
  1.6910000e+001	  1.3780000e+001	 -1.0371100e+003	
  1.8459999e+001	  1.3790000e+001	 -1.0379800e+003	
  2.0020000e+001	  1.3810000e+001	 -1.0391100e+003	
  2.1590000e+001	  1.3820000e+001	 -1.0403900e+003	
  2.3160000e+001	  1.3840000e+001	 -1.0418400e+003	
  2.4820000e+001	  1.3910000e+001	 -1.0471100e+003	
  2.6559999e+001	  1.4010000e+001	 -1.0551300e+003	
  2.8200001e+001	  1.4040000e+001	 -1.0580699e+003	
  2.9790001e+001	  1.4060000e+001	 -1.0591600e+003	
  1.5700000e+000	  1.2470000e+001	 -1.0569399e+003	
  3.1100000e+000	  1.2390000e+001	 -1.0495601e+003	
  4.6400000e+000	  1.2310000e+001	 -1.0424000e+003	
  6.1700000e+000	  1.2280000e+001	 -1.0399200e+003	
  7.7000000e+000	  1.2260000e+001	 -1.0383800e+003	
  9.2200000e+000	  1.2250000e+001	 -1.0369600e+003	
  1.0750000e+001	  1.2240000e+001	 -1.0359800e+003	
  1.2280000e+001	  1.2230000e+001	 -1.0356100e+003	
  1.3820000e+001	  1.2230000e+001	 -1.0355200e+003	
  1.5350000e+001	  1.2230000e+001	 -1.0356400e+003	
  1.6889999e+001	  1.2240000e+001	 -1.0359399e+003	
  1.8440001e+001	  1.2250000e+001	 -1.0368500e+003	
  2.0000000e+001	  1.2260000e+001	 -1.0381000e+003	
  2.1570000e+001	  1.2280000e+001	 -1.0394800e+003	
  2.3129999e+001	  1.2290000e+001	 -1.0407200e+003	
  2.4730000e+001	  1.2320000e+001	 -1.0430200e+003	
  2.6420000e+001	  1.2380000e+001	 -1.0490601e+003	
  2.8160000e+001	  1.2470000e+001	 -1.0564399e+003	
  2.9809999e+001	  1.2500000e+001	 -1.0596400e+003	
  1.0000000e-002	  1.0940000e+001	 -1.0595300e+003	
  1.5700000e+000	  1.0900000e+001	 -1.0561700e+003	
  3.1100000e+000	  1.0810000e+001	 -1.0470100e+003	
  4.6300000e+000	  1.0750000e+001	 -1.0409399e+003	
  6.1600000e+000	  1.0740000e+001	 -1.0389399e+003	
  7.6900000e+000	  1.0720000e+001	 -1.0375000e+003	
  9.2200000e+000	  1.0710000e+001	 -1.0363300e+003	
  1.0740000e+001	  1.0700000e+001	 -1.0353700e+003	
  1.2270000e+001	  1.0700000e+001	 -1.0347900e+003	
  1.3800000e+001	  1.0690000e+001	 -1.0344600e+003	
  1.5340000e+001	  1.0690000e+001	 -1.0345400e+003	
  1.6879999e+001	  1.0700000e+001	 -1.0349100e+003	
  1.8420000e+001	  1.0700000e+001	 -1.0356100e+003	
  1.9980000e+001	  1.0720000e+001	 -1.0369399e+003	
  2.1549999e+001	  1.0730000e+001	 -1.0383900e+003	
  2.3120001e+001	  1.0750000e+001	 -1.0400601e+003	
  2.4700001e+001	  1.0770000e+001	 -1.0418700e+003	
  2.6299999e+001	  1.0790000e+001	 -1.0443101e+003	
  2.7980000e+001	  1.0840000e+001	 -1.0495601e+003	
  2.9730000e+001	  1.0910000e+001	 -1.0568101e+003	
  3.1410000e+001	  1.0950000e+001	 -1.0607600e+003	
  1.0000000e-002	  9.3800000e+000	 -1.0602500e+003	
  1.5700000e+000	  9.3300000e+000	 -1.0543500e+003	
  3.1000000e+000	  9.2400000e+000	 -1.0437700e+003	
  4.6300000e+000	  9.2100000e+000	 -1.0400699e+003	
  6.1600000e+000	  9.2000000e+000	 -1.0381700e+003	
  7.6900000e+000	  9.1900000e+000	 -1.0368800e+003	
  9.2100000e+000	  9.1800000e+000	 -1.0357300e+003	
  1.0740000e+001	  9.1700000e+000	 -1.0348700e+003	
  1.2270000e+001	  9.1600000e+000	 -1.0343800e+003	
  1.3800000e+001	  9.1600000e+000	 -1.0339700e+003	
  1.5330000e+001	  9.1600000e+000	 -1.0338101e+003	
  1.6860001e+001	  9.1600000e+000	 -1.0341000e+003	
  1.8410000e+001	  9.1700000e+000	 -1.0347700e+003	
  1.9959999e+001	  9.1800000e+000	 -1.0359600e+003	
  2.1530001e+001	  9.1900000e+000	 -1.0375000e+003	
  2.3110001e+001	  9.2100000e+000	 -1.0395500e+003	
  2.4690001e+001	  9.2300000e+000	 -1.0414100e+003	
  2.6290001e+001	  9.2400000e+000	 -1.0436899e+003	
  2.7889999e+001	  9.2600000e+000	 -1.0458700e+003	
  2.9559999e+001	  9.3000000e+000	 -1.0503800e+003	
  3.1340000e+001	  9.3700000e+000	 -1.0582600e+003	
  1.0000000e-002	  7.8200000e+000	 -1.0599301e+003	
  1.5600000e+000	  7.7500000e+000	 -1.0504500e+003	
  3.0900000e+000	  7.6900000e+000	 -1.0423199e+003	
  4.6300000e+000	  7.6700000e+000	 -1.0397400e+003	
  6.1600000e+000	  7.6600000e+000	 -1.0380601e+003	
  7.6800000e+000	  7.6500000e+000	 -1.0365300e+003	
  9.2100000e+000	  7.6400000e+000	 -1.0352500e+003	
  1.0740000e+001	  7.6400000e+000	 -1.0345601e+003	
  1.2260000e+001	  7.6300000e+000	 -1.0339100e+003	
  1.3790000e+001	  7.6300000e+000	 -1.0334500e+003	
  1.5320000e+001	  7.6300000e+000	 -1.0333500e+003	
  1.6860001e+001	  7.6300000e+000	 -1.0337400e+003	
  1.8400000e+001	  7.6400000e+000	 -1.0345300e+003	
  1.9959999e+001	  7.6500000e+000	 -1.0357700e+003	
  2.1520000e+001	  7.6600000e+000	 -1.0372900e+003	
  2.3100000e+001	  7.6700000e+000	 -1.0392700e+003	
  2.4690001e+001	  7.6900000e+000	 -1.0413199e+003	
  2.6280001e+001	  7.7000000e+000	 -1.0432300e+003	
  2.7879999e+001	  7.7200000e+000	 -1.0453000e+003	
  2.9480000e+001	  7.7300000e+000	 -1.0472900e+003	
  3.1219999e+001	  7.7800000e+000	 -1.0540900e+003	
  1.0000000e-002	  6.2400000e+000	 -1.0578600e+003	
  1.5500000e+000	  6.1800000e+000	 -1.0468199e+003	
  3.0900000e+000	  6.1600000e+000	 -1.0423500e+003	
  4.6300000e+000	  6.1400000e+000	 -1.0399800e+003	
  6.1600000e+000	  6.1300000e+000	 -1.0380800e+003	
  7.6800000e+000	  6.1200000e+000	 -1.0364301e+003	
  9.2100000e+000	  6.1200000e+000	 -1.0352200e+003	
  1.0730000e+001	  6.1100000e+000	 -1.0344399e+003	
  1.2260000e+001	  6.1100000e+000	 -1.0337700e+003	
  1.3790000e+001	  6.1100000e+000	 -1.0332200e+003	
  1.5320000e+001	  6.1100000e+000	 -1.0332900e+003	
  1.6860001e+001	  6.1100000e+000	 -1.0336700e+003	
  1.8400000e+001	  6.1100000e+000	 -1.0345601e+003	
  1.9959999e+001	  6.1200000e+000	 -1.0358900e+003	
  2.1530001e+001	  6.1300000e+000	 -1.0375200e+003	
  2.3110001e+001	  6.1400000e+000	 -1.0396899e+003	
  2.4700001e+001	  6.1500000e+000	 -1.0417800e+003	
  2.6280001e+001	  6.1600000e+000	 -1.0434500e+003	
  2.7870001e+001	  6.1700000e+000	 -1.0451200e+003	
  2.9459999e+001	  6.1800000e+000	 -1.0466100e+003	
  3.1110001e+001	  6.2000000e+000	 -1.0500100e+003	
  1.0000000e-002	  4.6700000e+000	 -1.0540100e+003	
  1.5500000e+000	  4.6300000e+000	 -1.0457200e+003	
  3.0900000e+000	  4.6200000e+000	 -1.0429399e+003	
  4.6300000e+000	  4.6100000e+000	 -1.0407000e+003	
  6.1600000e+000	  4.6000000e+000	 -1.0385800e+003	
  7.6900000e+000	  4.5900000e+000	 -1.0368300e+003	
  9.2100000e+000	  4.5900000e+000	 -1.0353900e+003	
  1.0730000e+001	  4.5800000e+000	 -1.0343500e+003	
  1.2260000e+001	  4.5800000e+000	 -1.0339500e+003	
  1.3790000e+001	  4.5800000e+000	 -1.0338900e+003	
  1.5330000e+001	  4.5800000e+000	 -1.0339399e+003	
  1.6860001e+001	  4.5800000e+000	 -1.0341000e+003	
  1.8410000e+001	  4.5900000e+000	 -1.0349000e+003	
  1.9969999e+001	  4.5900000e+000	 -1.0364100e+003	
  2.1540001e+001	  4.6000000e+000	 -1.0381801e+003	
  2.3129999e+001	  4.6100000e+000	 -1.0406200e+003	
  2.4730000e+001	  4.6200000e+000	 -1.0429301e+003	
  2.6309999e+001	  4.6300000e+000	 -1.0444301e+003	
  2.7889999e+001	  4.6300000e+000	 -1.0458300e+003	
  2.9469999e+001	  4.6400000e+000	 -1.0471700e+003	
  3.1080000e+001	  4.6500000e+000	 -1.0492100e+003	
 -1.5600000e+000	  3.1300000e+000	 -1.0610699e+003	
  1.0000000e-002	  3.1000000e+000	 -1.0508300e+003	
  1.5500000e+000	  3.0900000e+000	 -1.0456300e+003	
  3.1000000e+000	  3.0800000e+000	 -1.0437200e+003	
  4.6300000e+000	  3.0800000e+000	 -1.0416899e+003	
  6.1700000e+000	  3.0700000e+000	 -1.0397200e+003	
  7.6900000e+000	  3.0700000e+000	 -1.0378101e+003	
  9.2200000e+000	  3.0600000e+000	 -1.0362100e+003	
  1.0740000e+001	  3.0600000e+000	 -1.0350699e+003	
  1.2270000e+001	  3.0600000e+000	 -1.0345800e+003	
  1.3800000e+001	  3.0600000e+000	 -1.0345500e+003	
  1.5340000e+001	  3.0600000e+000	 -1.0346400e+003	
  1.6870001e+001	  3.0600000e+000	 -1.0349100e+003	
  1.8420000e+001	  3.0600000e+000	 -1.0356100e+003	
  1.9980000e+001	  3.0700000e+000	 -1.0370800e+003	
  2.1559999e+001	  3.0700000e+000	 -1.0390800e+003	
  2.3160000e+001	  3.0800000e+000	 -1.0419700e+003	
  2.4770000e+001	  3.0900000e+000	 -1.0450500e+003	
  2.6350000e+001	  3.0900000e+000	 -1.0464000e+003	
  2.7930000e+001	  3.1000000e+000	 -1.0475400e+003	
  2.9500000e+001	  3.1000000e+000	 -1.0480300e+003	
  3.1100000e+001	  3.1000000e+000	 -1.0498000e+003	
 -1.5600000e+000	  1.5700000e+000	 -1.0601300e+003	
  1.0000000e-002	  1.5500000e+000	 -1.0496801e+003	
  1.5500000e+000	  1.5500000e+000	 -1.0464100e+003	
  3.1000000e+000	  1.5500000e+000	 -1.0448500e+003	
  4.6400000e+000	  1.5400000e+000	 -1.0434900e+003	
  6.1700000e+000	  1.5400000e+000	 -1.0414000e+003	
  7.7000000e+000	  1.5400000e+000	 -1.0392600e+003	
  9.2300000e+000	  1.5400000e+000	 -1.0372400e+003	
  1.0750000e+001	  1.5300000e+000	 -1.0359301e+003	
  1.2280000e+001	  1.5300000e+000	 -1.0354301e+003	
  1.3810000e+001	  1.5300000e+000	 -1.0351700e+003	
  1.5350000e+001	  1.5300000e+000	 -1.0353000e+003	
  1.6889999e+001	  1.5300000e+000	 -1.0357200e+003	
  1.8440001e+001	  1.5300000e+000	 -1.0364900e+003	
  2.0000000e+001	  1.5400000e+000	 -1.0378700e+003	
  2.1570000e+001	  1.5400000e+000	 -1.0398700e+003	
  2.3180000e+001	  1.5400000e+000	 -1.0427300e+003	
  2.4780001e+001	  1.5500000e+000	 -1.0452700e+003	
  2.6370001e+001	  1.5500000e+000	 -1.0469100e+003	
  2.7959999e+001	  1.5500000e+000	 -1.0485200e+003	
  2.9540001e+001	  1.5500000e+000	 -1.0495100e+003	
  3.1120001e+001	  1.5500000e+000	 -1.0506500e+003	
 -1.5600000e+000	  1.0000000e-002	 -1.0598600e+003	
  1.0000000e-002	  1.0000000e-002	 -1.0502300e+003	
  1.5600000e+000	  1.0000000e-002	 -1.0477800e+003	
  3.1100000e+000	  1.0000000e-002	 -1.0469200e+003	
  4.6500000e+000	  1.0000000e-002	 -1.0458199e+003	
  6.1900000e+000	  1.0000000e-002	 -1.0442000e+003	
  7.7200000e+000	  1.0000000e-002	 -1.0410900e+003	
  9.2400000e+000	  1.0000000e-002	 -1.0386899e+003	
  1.0760000e+001	  1.0000000e-002	 -1.0374301e+003	
  1.2290000e+001	  1.0000000e-002	 -1.0367000e+003	
  1.3830000e+001	  1.0000000e-002	 -1.0363700e+003	
  1.5360000e+001	  1.0000000e-002	 -1.0365100e+003	
  1.6910000e+001	  1.0000000e-002	 -1.0368900e+003	
  1.8459999e+001	  1.0000000e-002	 -1.0378000e+003	
  2.0020000e+001	  1.0000000e-002	 -1.0390699e+003	
  2.1620001e+001	  1.0000000e-002	 -1.0424600e+003	
  2.3260000e+001	  1.0000000e-002	 -1.0467600e+003	
  2.4840000e+001	  1.0000000e-002	 -1.0480601e+003	
  2.6400000e+001	  1.0000000e-002	 -1.0485601e+003	
  2.7969999e+001	  1.0000000e-002	 -1.0488900e+003	
  2.9540001e+001	  1.0000000e-002	 -1.0496600e+003	
  1.0000000e-002	 -1.5500000e+000	 -1.0519800e+003	
  1.5600000e+000	 -1.5400000e+000	 -1.0497300e+003	
  3.1100000e+000	 -1.5400000e+000	 -1.0492400e+003	
  4.6600000e+000	 -1.5400000e+000	 -1.0475800e+003	
  6.1900000e+000	 -1.5400000e+000	 -1.0449000e+003	
  7.7300000e+000	 -1.5300000e+000	 -1.0426100e+003	
  9.2500000e+000	 -1.5300000e+000	 -1.0402300e+003	
  1.0780000e+001	 -1.5300000e+000	 -1.0388500e+003	
  1.2310000e+001	 -1.5300000e+000	 -1.0378700e+003	
  1.3840000e+001	 -1.5300000e+000	 -1.0375900e+003	
  1.5380000e+001	 -1.5300000e+000	 -1.0379399e+003	
  1.6930000e+001	 -1.5300000e+000	 -1.0384200e+003	
  1.8480000e+001	 -1.5300000e+000	 -1.0393400e+003	
  2.0070000e+001	 -1.5300000e+000	 -1.0418500e+003	
  2.1709999e+001	 -1.5400000e+000	 -1.0466200e+003	
  2.3309999e+001	 -1.5400000e+000	 -1.0492600e+003	
  2.4910000e+001	 -1.5500000e+000	 -1.0510000e+003	
  2.6490000e+001	 -1.5500000e+000	 -1.0523199e+003	
  2.8059999e+001	 -1.5500000e+000	 -1.0524200e+003	
  2.9620001e+001	 -1.5500000e+000	 -1.0526400e+003	
  1.0000000e-002	 -3.1100000e+000	 -1.0557600e+003	
  1.5600000e+000	 -3.1000000e+000	 -1.0517700e+003	
  3.1200000e+000	 -3.0900000e+000	 -1.0512100e+003	
  4.6700000e+000	 -3.0900000e+000	 -1.0505500e+003	
  6.2200000e+000	 -3.0900000e+000	 -1.0493400e+003	
  7.7600000e+000	 -3.0900000e+000	 -1.0480400e+003	
  9.2900000e+000	 -3.0800000e+000	 -1.0449800e+003	
  1.0800000e+001	 -3.0700000e+000	 -1.0410800e+003	
  1.2330000e+001	 -3.0600000e+000	 -1.0401801e+003	
  1.3870000e+001	 -3.0600000e+000	 -1.0401700e+003	
  1.5410000e+001	 -3.0600000e+000	 -1.0398199e+003	
  1.6950001e+001	 -3.0600000e+000	 -1.0397700e+003	
  1.8520000e+001	 -3.0700000e+000	 -1.0414100e+003	
  2.0139999e+001	 -3.0800000e+000	 -1.0458000e+003	
  2.1740000e+001	 -3.0900000e+000	 -1.0485699e+003	
  2.3340000e+001	 -3.0900000e+000	 -1.0504800e+003	
  2.4940001e+001	 -3.1000000e+000	 -1.0525000e+003	
  2.6540001e+001	 -3.1000000e+000	 -1.0543700e+003	
  1.0000000e-002	 -4.6800000e+000	 -1.0598400e+003	
  1.5600000e+000	 -4.6500000e+000	 -1.0534399e+003	
  3.1200000e+000	 -4.6500000e+000	 -1.0535699e+003	
  4.6900000e+000	 -4.6600000e+000	 -1.0541600e+003	
  6.2400000e+000	 -4.6500000e+000	 -1.0536400e+003	
  7.7900000e+000	 -4.6500000e+000	 -1.0516400e+003	
  9.3200000e+000	 -4.6300000e+000	 -1.0485601e+003	
  1.0840000e+001	 -4.6200000e+000	 -1.0456100e+003	
  1.2360000e+001	 -4.6100000e+000	 -1.0428900e+003	
  1.3900000e+001	 -4.6100000e+000	 -1.0424700e+003	
  1.5410000e+001	 -4.6000000e+000	 -1.0400699e+003	
  1.6980000e+001	 -4.6100000e+000	 -1.0419301e+003	
  1.8570000e+001	 -4.6200000e+000	 -1.0443900e+003	
  2.0160000e+001	 -4.6300000e+000	 -1.0470200e+003	
  2.1750000e+001	 -4.6400000e+000	 -1.0490601e+003	
  2.3350000e+001	 -4.6500000e+000	 -1.0512700e+003	
  2.4950001e+001	 -4.6500000e+000	 -1.0530000e+003	
  4.6900000e+000	 -6.2200000e+000	 -1.0557400e+003	
  6.2500000e+000	 -6.2200000e+000	 -1.0555000e+003	
  7.8000000e+000	 -6.2100000e+000	 -1.0535300e+003	
  9.3400000e+000	 -6.1900000e+000	 -1.0511000e+003	
  1.0880000e+001	 -6.1800000e+000	 -1.0488101e+003	
  1.2410000e+001	 -6.1700000e+000	 -1.0470100e+003	
  1.3930000e+001	 -6.1600000e+000	 -1.0447500e+003	
  1.5480000e+001	 -6.1600000e+000	 -1.0445500e+003	
  1.7040001e+001	 -6.1700000e+000	 -1.0458300e+003	
  1.8620001e+001	 -6.1700000e+000	 -1.0472600e+003	
  2.0190001e+001	 -6.1800000e+000	 -1.0484500e+003	
