20.540001 100.580002 -1160.910034
22.219999 100.430000 -1159.140015
23.889999 100.260002 -1157.040039
25.590000 100.230003 -1156.650024
27.280001 100.190002 -1156.199951
28.969999 100.129997 -1155.540039
30.650000 100.040001 -1154.410034
32.330002 99.989998 -1153.790039
33.990002 99.870003 -1152.329956
35.669998 99.790001 -1151.400024
37.360001 99.790001 -1151.410034
39.090000 99.860001 -1152.229980
40.820000 99.930000 -1153.089966
42.529999 99.959999 -1153.430054
44.209999 99.919998 -1152.969971
45.889999 99.870003 -1152.329956
49.369999 100.040001 -1154.459961
51.130001 100.139999 -1155.689941
52.860001 100.199997 -1156.439941
54.619999 100.290001 -1157.469971
56.389999 100.410004 -1158.939941
58.180000 100.540001 -1160.599976
15.430000 98.989998 -1162.319946
17.120001 98.839996 -1160.540039
18.799999 98.730003 -1159.160034
20.500000 98.669998 -1158.410034
22.190001 98.589996 -1157.459961
23.879999 98.529999 -1156.719971
25.580000 98.480003 -1156.119995
27.270000 98.430000 -1155.469971
28.950001 98.349998 -1154.449951
30.620001 98.250000 -1153.270020
32.299999 98.199997 -1152.609985
33.990002 98.160004 -1152.089966
35.669998 98.120003 -1151.670044
37.349998 98.059998 -1150.900024
39.029999 98.019997 -1150.380005
40.750000 98.070000 -1150.969971
42.459999 98.110001 -1151.469971
44.160000 98.120003 -1151.619995
45.849998 98.089996 -1151.290039
47.570000 98.120003 -1151.719971
49.310001 98.220001 -1152.930054
51.049999 98.290001 -1153.819946
52.770000 98.330002 -1154.270020
54.520000 98.419998 -1155.369995
56.290001 98.540001 -1156.869995
58.070000 98.660004 -1158.380005
59.840000 98.760002 -1159.609985
61.580002 98.809998 -1160.310059
63.410000 99.000000 -1162.569946
8.600000 97.620003 -1166.560059
10.300000 97.440002 -1164.280029
12.000000 97.279999 -1162.339966
13.700000 97.190002 -1161.160034
15.400000 97.120003 -1160.300049
17.090000 97.019997 -1159.089966
18.790001 96.930000 -1157.939941
20.480000 96.849998 -1156.890015
22.160000 96.760002 -1155.729980
23.850000 96.690002 -1154.910034
25.540001 96.639999 -1154.270020
27.219999 96.580002 -1153.479980
28.910000 96.519997 -1152.770020
30.590000 96.459999 -1152.069946
32.270000 96.419998 -1151.560059
33.950001 96.370003 -1150.880005
35.619999 96.290001 -1149.839966
37.299999 96.230003 -1149.160034
38.959999 96.169998 -1148.359985
40.650002 96.139999 -1147.979980
42.340000 96.129997 -1147.890015
44.060001 96.190002 -1148.640015
45.790001 96.279999 -1149.760010
47.520000 96.339996 -1150.550049
49.230000 96.370003 -1150.930054
50.970001 96.440002 -1151.810059
52.689999 96.489998 -1152.459961
54.419998 96.550003 -1153.180054
56.189999 96.660004 -1154.589966
57.959999 96.769997 -1156.040039
59.740002 96.889999 -1157.560059
61.509998 96.989998 -1158.819946
63.310001 97.129997 -1160.520020
65.110001 97.269997 -1162.280029
66.919998 97.410004 -1164.119995
68.769997 97.589996 -1166.390015
70.580002 97.720001 -1168.030029
5.170000 96.070000 -1168.660034
6.880000 95.889999 -1166.329956
8.580000 95.709999 -1164.050049
10.290000 95.570000 -1162.290039
11.980000 95.449997 -1160.660034
13.670000 95.290001 -1158.680054
15.360000 95.180000 -1157.300049
17.049999 95.080002 -1155.939941
18.740000 95.000000 -1154.979980
20.430000 94.919998 -1153.939941
22.110001 94.830002 -1152.790039
23.790001 94.760002 -1151.930054
25.480000 94.720001 -1151.349976
27.170000 94.699997 -1151.119995
28.870001 94.699997 -1151.099976
30.559999 94.669998 -1150.739990
32.240002 94.620003 -1150.180054
33.900002 94.540001 -1149.109985
35.580002 94.480003 -1148.290039
37.250000 94.440002 -1147.819946
38.930000 94.410004 -1147.410034
40.610001 94.360001 -1146.780029
42.290001 94.349998 -1146.640015
43.980000 94.349998 -1146.660034
45.689999 94.370003 -1146.949951
47.410000 94.430000 -1147.709961
49.139999 94.510002 -1148.689941
50.880001 94.599998 -1149.849976
52.619999 94.669998 -1150.790039
54.349998 94.730003 -1151.550049
56.110001 94.830002 -1152.920044
57.869999 94.930000 -1154.130005
59.630001 95.029999 -1155.410034
61.400002 95.120003 -1156.630005
63.189999 95.250000 -1158.250000
64.970001 95.360001 -1159.680054
66.779999 95.500000 -1161.510010
68.599998 95.639999 -1163.349976
70.430000 95.809998 -1165.449951
72.250000 95.949997 -1167.229980
74.089996 96.099998 -1169.180054
75.949997 96.269997 -1171.400024
1.730000 94.489998 -1170.439941
3.450000 94.269997 -1167.560059
5.160000 94.110001 -1165.520020
6.870000 93.970001 -1163.589966
8.570000 93.809998 -1161.619995
10.260000 93.629997 -1159.150024
11.950000 93.480003 -1157.189941
13.640000 93.370003 -1155.819946
15.330000 93.260002 -1154.339966
17.010000 93.160004 -1153.050049
18.690001 93.050003 -1151.660034
20.370001 92.949997 -1150.410034
22.049999 92.889999 -1149.520020
23.730000 92.849998 -1149.040039
25.420000 92.809998 -1148.540039
27.110001 92.790001 -1148.280029
28.799999 92.800003 -1148.390015
30.490000 92.769997 -1148.079956
32.180000 92.760002 -1147.890015
33.849998 92.709999 -1147.250000
35.529999 92.680000 -1146.859985
37.209999 92.650002 -1146.489990
38.880001 92.599998 -1145.849976
40.570000 92.599998 -1145.790039
42.259998 92.599998 -1145.819946
43.950001 92.589996 -1145.750000
45.650002 92.620003 -1146.060059
47.349998 92.639999 -1146.300049
49.080002 92.699997 -1147.099976
50.799999 92.750000 -1147.739990
52.520000 92.800003 -1148.510010
54.259998 92.879997 -1149.500000
56.000000 92.949997 -1150.380005
57.740002 93.019997 -1151.400024
59.500000 93.120003 -1152.660034
61.270000 93.230003 -1154.040039
63.040001 93.320000 -1155.319946
64.820000 93.430000 -1156.729980
66.589996 93.529999 -1158.050049
68.360001 93.620003 -1159.140015
70.180000 93.760002 -1161.069946
72.050003 93.959999 -1163.699951
73.879997 94.120003 -1165.729980
75.750000 94.309998 -1168.199951
77.620003 94.480003 -1170.469971
79.589996 94.779999 -1174.390015
-1.720000 92.949997 -1172.709961
0.010000 92.769997 -1170.390015
1.730000 92.580002 -1167.800049
3.440000 92.400002 -1165.530029
5.150000 92.239998 -1163.310059
6.850000 92.040001 -1160.699951
8.540000 91.849998 -1158.229980
10.230000 91.699997 -1156.209961
11.920000 91.559998 -1154.349976
13.610000 91.440002 -1152.780029
15.280000 91.300003 -1150.939941
16.959999 91.209999 -1149.640015
18.639999 91.120003 -1148.520020
20.320000 91.050003 -1147.520020
22.000000 90.980003 -1146.670044
23.670000 90.930000 -1146.020020
25.360001 90.919998 -1145.780029
27.049999 90.910004 -1145.650024
28.740000 90.900002 -1145.619995
30.420000 90.900002 -1145.520020
32.119999 90.910004 -1145.699951
33.799999 90.889999 -1145.510010
35.480000 90.870003 -1145.189941
37.169998 90.860001 -1145.079956
38.849998 90.830002 -1144.719971
40.529999 90.820000 -1144.540039
42.209999 90.809998 -1144.390015
43.910000 90.820000 -1144.579956
45.610001 90.849998 -1144.910034
47.320000 90.889999 -1145.410034
49.029999 90.930000 -1145.969971
50.750000 90.970001 -1146.550049
52.450001 91.000000 -1146.949951
54.180000 91.050003 -1147.670044
55.910000 91.120003 -1148.530029
57.650002 91.190002 -1149.449951
59.389999 91.250000 -1150.300049
61.130001 91.320000 -1151.229980
62.889999 91.410004 -1152.430054
64.639999 91.489998 -1153.459961
66.400002 91.570000 -1154.589966
68.180000 91.669998 -1155.920044
69.959999 91.769997 -1157.260010
71.760002 91.889999 -1158.829956
73.599998 92.050003 -1161.020020
75.470001 92.250000 -1163.579956
77.370003 92.470001 -1166.520020
79.300003 92.720001 -1169.880005
81.309998 93.050003 -1174.250000
83.370003 93.410004 -1179.089966
-5.180000 91.300003 -1173.660034
-3.450000 91.190002 -1172.189941
-1.720000 91.000000 -1169.699951
0.010000 90.809998 -1167.040039
1.720000 90.650002 -1164.979980
3.430000 90.449997 -1162.170044
5.130000 90.250000 -1159.510010
6.830000 90.080002 -1157.229980
8.520000 89.930000 -1155.260010
10.210000 89.800003 -1153.479980
11.890000 89.650002 -1151.449951
13.570000 89.510002 -1149.540039
15.240000 89.389999 -1147.890015
16.920000 89.300003 -1146.660034
18.600000 89.239998 -1145.839966
20.270000 89.160004 -1144.859985
21.950001 89.089996 -1143.900024
23.629999 89.070000 -1143.540039
25.309999 89.050003 -1143.339966
26.990000 89.050003 -1143.280029
28.680000 89.040001 -1143.130005
30.360001 89.019997 -1142.910034
32.040001 89.010002 -1142.800049
33.740002 89.040001 -1143.229980
35.430000 89.040001 -1143.170044
37.110001 89.040001 -1143.209961
38.790001 89.019997 -1142.880005
40.470001 89.000000 -1142.630005
42.150002 89.000000 -1142.640015
43.860001 89.029999 -1143.079956
45.560001 89.059998 -1143.449951
47.259998 89.080002 -1143.810059
48.959999 89.110001 -1144.189941
50.669998 89.160004 -1144.800049
52.389999 89.209999 -1145.540039
54.119999 89.269997 -1146.319946
55.840000 89.309998 -1146.900024
57.560001 89.360001 -1147.569946
59.299999 89.430000 -1148.540039
61.040001 89.500000 -1149.530029
62.790001 89.570000 -1150.479980
64.529999 89.639999 -1151.319946
66.269997 89.690002 -1152.040039
68.019997 89.769997 -1153.089966
69.769997 89.820000 -1153.890015
71.550003 89.919998 -1155.239990
73.360001 90.050003 -1157.020020
75.180000 90.199997 -1158.969971
77.050003 90.379997 -1161.469971
78.970001 90.620003 -1164.770020
80.930000 90.900002 -1168.459961
83.000000 91.269997 -1173.579956
85.070000 91.650002 -1178.640015
-8.670000 89.839996 -1177.290039
-6.920000 89.669998 -1174.959961
-5.180000 89.470001 -1172.260010
-3.440000 89.260002 -1169.339966
-1.720000 89.089996 -1166.939941
0.010000 88.889999 -1164.300049
1.720000 88.699997 -1161.589966
3.420000 88.480003 -1158.660034
5.120000 88.309998 -1156.290039
6.810000 88.169998 -1154.349976
8.500000 88.029999 -1152.369995
10.180000 87.860001 -1150.099976
11.860000 87.750000 -1148.510010
13.540000 87.639999 -1147.020020
15.210000 87.529999 -1145.489990
16.889999 87.430000 -1144.130005
18.559999 87.360001 -1143.140015
20.230000 87.290001 -1142.250000
21.900000 87.250000 -1141.619995
23.580000 87.220001 -1141.189941
25.260000 87.190002 -1140.849976
26.940001 87.190002 -1140.869995
28.620001 87.180000 -1140.719971
30.299999 87.169998 -1140.589966
31.980000 87.169998 -1140.540039
33.669998 87.180000 -1140.729980
35.360001 87.199997 -1140.939941
37.049999 87.209999 -1141.069946
38.730000 87.199997 -1140.979980
40.410000 87.190002 -1140.890015
42.090000 87.199997 -1140.939941
43.790001 87.220001 -1141.319946
45.490002 87.250000 -1141.619995
47.189999 87.279999 -1142.040039
48.880001 87.290001 -1142.189941
50.570000 87.309998 -1142.469971
52.299999 87.370003 -1143.290039
54.009998 87.410004 -1143.900024
55.740002 87.470001 -1144.770020
57.470001 87.529999 -1145.599976
59.200001 87.589996 -1146.439941
60.939999 87.660004 -1147.380005
62.669998 87.720001 -1148.250000
64.419998 87.790001 -1149.180054
66.150002 87.839996 -1149.910034
67.900002 87.919998 -1150.949951
69.660004 87.989998 -1151.979980
71.410004 88.059998 -1152.930054
73.190002 88.150002 -1154.229980
75.010002 88.279999 -1156.040039
76.820000 88.410004 -1157.760010
78.669998 88.570000 -1160.010010
80.570000 88.779999 -1162.849976
82.559998 89.080002 -1167.020020
84.660004 89.480003 -1172.609985
86.809998 89.919998 -1178.680054
-10.400000 88.110001 -1177.359985
-8.650000 87.919998 -1174.670044
-6.900000 87.739998 -1172.170044
-5.160000 87.529999 -1169.150024
-3.430000 87.309998 -1166.099976
-1.710000 87.129997 -1163.560059
0.010000 86.949997 -1160.939941
1.710000 86.750000 -1158.229980
3.410000 86.570000 -1155.670044
5.110000 86.410004 -1153.349976
6.800000 86.269997 -1151.410034
8.480000 86.139999 -1149.640015
10.160000 86.000000 -1147.619995
11.840000 85.870003 -1145.819946
13.510000 85.760002 -1144.229980
15.180000 85.660004 -1142.930054
16.860001 85.589996 -1141.959961
18.530001 85.540001 -1141.260010
20.200001 85.480003 -1140.410034
21.870001 85.430000 -1139.689941
23.540001 85.389999 -1139.140015
25.219999 85.379997 -1138.880005
26.889999 85.370003 -1138.790039
28.570000 85.370003 -1138.750000
30.250000 85.349998 -1138.550049
31.940001 85.370003 -1138.800049
33.619999 85.379997 -1138.969971
35.299999 85.389999 -1139.040039
36.990002 85.400002 -1139.229980
38.689999 85.440002 -1139.760010
40.369999 85.440002 -1139.849976
42.049999 85.440002 -1139.760010
43.740002 85.449997 -1139.910034
45.439999 85.480003 -1140.390015
47.130001 85.500000 -1140.650024
48.820000 85.510002 -1140.859985
50.500000 85.510002 -1140.760010
52.200001 85.529999 -1141.130005
53.910000 85.580002 -1141.760010
55.639999 85.629997 -1142.579956
57.360001 85.699997 -1143.449951
59.090000 85.750000 -1144.250000
60.830002 85.830002 -1145.290039
62.560001 85.889999 -1146.119995
64.290001 85.940002 -1146.859985
66.019997 85.980003 -1147.540039
67.760002 86.040001 -1148.359985
69.510002 86.110001 -1149.380005
71.260002 86.180000 -1150.349976
73.029999 86.260002 -1151.469971
74.820000 86.370003 -1152.979980
76.639999 86.510002 -1154.969971
78.480003 86.660004 -1157.130005
80.339996 86.820000 -1159.369995
82.220001 87.000000 -1161.949951
84.199997 87.279999 -1165.880005
86.370003 87.739998 -1172.270020
88.559998 88.199997 -1178.829956
-12.150000 86.440002 -1178.170044
-10.380000 86.220001 -1174.959961
-8.630000 86.019997 -1172.099976
-6.880000 85.769997 -1168.579956
-5.150000 85.580002 -1165.760010
-3.430000 85.410004 -1163.439941
-1.710000 85.230003 -1160.739990
0.010000 85.010002 -1157.689941
1.710000 84.830002 -1155.050049
3.410000 84.669998 -1152.719971
5.100000 84.519997 -1150.650024
6.780000 84.400002 -1148.849976
8.470000 84.269997 -1146.989990
10.140000 84.150002 -1145.300049
11.820000 84.029999 -1143.560059
13.490000 83.940002 -1142.239990
15.160000 83.849998 -1141.010010
16.830000 83.779999 -1140.030029
18.500000 83.720001 -1139.160034
20.170000 83.690002 -1138.650024
21.840000 83.629997 -1137.880005
23.500000 83.589996 -1137.349976
25.180000 83.570000 -1136.989990
26.850000 83.550003 -1136.699951
28.520000 83.540001 -1136.609985
30.200001 83.540001 -1136.560059
31.889999 83.559998 -1136.880005
33.570000 83.580002 -1137.170044
35.250000 83.589996 -1137.280029
36.939999 83.620003 -1137.680054
38.639999 83.660004 -1138.280029
40.330002 83.680000 -1138.560059
42.009998 83.690002 -1138.670044
43.700001 83.690002 -1138.750000
45.400002 83.720001 -1139.229980
47.090000 83.739998 -1139.449951
48.779999 83.760002 -1139.680054
50.459999 83.760002 -1139.680054
52.150002 83.769997 -1139.829956
53.840000 83.790001 -1140.150024
55.560001 83.839996 -1140.910034
57.270000 83.889999 -1141.569946
59.000000 83.949997 -1142.459961
60.740002 84.010002 -1143.400024
62.470001 84.070000 -1144.260010
64.199997 84.129997 -1145.119995
65.930000 84.180000 -1145.790039
67.669998 84.250000 -1146.829956
69.410004 84.300003 -1147.550049
71.150002 84.349998 -1148.349976
72.889999 84.419998 -1149.219971
74.660004 84.500000 -1150.439941
76.459999 84.620003 -1152.109985
78.279999 84.750000 -1154.020020
80.120003 84.889999 -1156.119995
82.010002 85.089996 -1158.890015
83.949997 85.320000 -1162.219971
85.930000 85.580002 -1166.000000
88.080002 86.010002 -1172.119995
90.309998 86.480003 -1178.989990
-13.890000 84.739998 -1178.540039
-12.120000 84.500000 -1175.089966
-10.350000 84.269997 -1171.630005
-8.610000 84.040001 -1168.359985
-6.870000 83.839996 -1165.430054
-5.140000 83.660004 -1162.819946
-3.420000 83.470001 -1159.949951
-1.700000 83.279999 -1157.170044
0.010000 83.120003 -1154.839966
1.700000 82.949997 -1152.420044
3.400000 82.800003 -1150.170044
5.090000 82.680000 -1148.390015
6.770000 82.529999 -1146.239990
8.450000 82.410004 -1144.449951
10.120000 82.309998 -1142.939941
11.800000 82.220001 -1141.719971
13.470000 82.139999 -1140.589966
15.140000 82.080002 -1139.680054
16.809999 82.019997 -1138.800049
18.480000 81.949997 -1137.800049
20.139999 81.889999 -1136.839966
21.799999 81.839996 -1136.089966
23.469999 81.809998 -1135.750000
25.139999 81.790001 -1135.349976
26.809999 81.769997 -1135.109985
28.490000 81.769997 -1135.180054
30.170000 81.790001 -1135.479980
31.860001 81.820000 -1135.819946
33.540001 81.830002 -1135.979980
35.220001 81.839996 -1136.119995
36.900002 81.860001 -1136.380005
38.599998 81.900002 -1136.959961
40.290001 81.919998 -1137.369995
41.970001 81.930000 -1137.520020
43.660000 81.949997 -1137.729980
45.349998 81.970001 -1138.000000
47.040001 81.989998 -1138.339966
48.730000 82.000000 -1138.540039
50.410000 82.010002 -1138.630005
52.099998 82.019997 -1138.790039
53.790001 82.040001 -1139.069946
55.490002 82.059998 -1139.449951
57.200001 82.099998 -1140.020020
58.919998 82.150002 -1140.780029
60.639999 82.209999 -1141.599976
62.369999 82.260002 -1142.329956
64.099998 82.320000 -1143.150024
65.839996 82.389999 -1144.229980
67.580002 82.449997 -1145.119995
69.309998 82.500000 -1145.939941
71.050003 82.559998 -1146.790039
72.790001 82.610001 -1147.560059
74.550003 82.690002 -1148.640015
76.339996 82.790001 -1150.109985
78.139999 82.900002 -1151.719971
79.930000 83.000000 -1153.209961
81.779999 83.139999 -1155.349976
83.660004 83.320000 -1158.000000
85.580002 83.529999 -1161.099976
87.639999 83.870003 -1165.989990
89.849998 84.330002 -1172.750000
91.980003 84.699997 -1178.130005
-15.630000 83.059998 -1179.219971
-13.850000 82.779999 -1175.130005
-12.080000 82.540001 -1171.540039
-10.330000 82.320000 -1168.270020
-8.580000 82.099998 -1164.930054
-6.850000 81.889999 -1161.810059
-5.120000 81.720001 -1159.239990
-3.410000 81.570000 -1157.030029
-1.700000 81.430000 -1154.890015
0.010000 81.260002 -1152.380005
1.700000 81.089996 -1149.900024
3.390000 80.949997 -1147.780029
5.080000 80.839996 -1146.109985
6.760000 80.720001 -1144.339966
8.440000 80.620003 -1142.849976
10.110000 80.529999 -1141.479980
11.780000 80.440002 -1140.180054
13.450000 80.370003 -1139.119995
15.120000 80.309998 -1138.150024
16.790001 80.230003 -1137.020020
18.450001 80.169998 -1136.150024
20.120001 80.120003 -1135.430054
21.780001 80.099998 -1135.050049
23.450001 80.070000 -1134.640015
25.120001 80.050003 -1134.359985
26.790001 80.040001 -1134.239990
28.469999 80.059998 -1134.500000
30.150000 80.080002 -1134.729980
31.830000 80.080002 -1134.849976
33.509998 80.099998 -1135.089966
35.200001 80.120003 -1135.420044
36.880001 80.139999 -1135.680054
38.570000 80.169998 -1136.150024
40.259998 80.190002 -1136.380005
41.939999 80.190002 -1136.430054
43.619999 80.209999 -1136.689941
45.310001 80.220001 -1136.949951
47.000000 80.239998 -1137.229980
48.689999 80.260002 -1137.459961
50.360001 80.260002 -1137.439941
52.060001 80.279999 -1137.739990
53.750000 80.300003 -1138.040039
55.450001 80.320000 -1138.479980
57.150002 80.349998 -1138.829956
58.849998 80.389999 -1139.430054
60.580002 80.440002 -1140.209961
62.290001 80.489998 -1140.920044
64.019997 80.540001 -1141.680054
65.739998 80.589996 -1142.459961
67.480003 80.639999 -1143.280029
69.209999 80.699997 -1144.069946
70.949997 80.750000 -1144.939941
72.680000 80.800003 -1145.640015
74.419998 80.860001 -1146.479980
76.199997 80.949997 -1147.949951
78.000000 81.059998 -1149.520020
79.820000 81.190002 -1151.479980
81.639999 81.309998 -1153.310059
83.489998 81.449997 -1155.449951
85.360001 81.610001 -1157.849976
87.279999 81.820000 -1160.910034
89.320000 82.120003 -1165.459961
91.510002 82.540001 -1171.750000
93.680000 82.940002 -1177.699951
-17.379999 81.400002 -1180.300049
-15.590000 81.110001 -1175.890015
-13.820000 80.870003 -1172.349976
-12.050000 80.650002 -1168.949951
-10.300000 80.410004 -1165.239990
-8.560000 80.180000 -1161.699951
-6.830000 80.000000 -1158.939941
-5.110000 79.839996 -1156.540039
-3.400000 79.709999 -1154.569946
-1.690000 79.550003 -1152.150024
0.010000 79.410004 -1150.020020
1.700000 79.260002 -1147.750000
3.390000 79.139999 -1145.949951
5.070000 79.040001 -1144.339966
6.750000 78.959999 -1143.130005
8.430000 78.870003 -1141.780029
10.100000 78.790001 -1140.510010
11.770000 78.680000 -1138.890015
13.440000 78.589996 -1137.530029
15.100000 78.529999 -1136.650024
16.770000 78.480003 -1135.780029
18.440001 78.449997 -1135.329956
20.110001 78.419998 -1134.939941
21.770000 78.389999 -1134.390015
23.440001 78.370003 -1134.160034
25.110001 78.349998 -1133.829956
26.780001 78.349998 -1133.800049
28.459999 78.360001 -1133.939941
30.129999 78.360001 -1133.959961
31.809999 78.360001 -1134.040039
33.490002 78.379997 -1134.239990
35.169998 78.389999 -1134.459961
36.849998 78.410004 -1134.760010
38.540001 78.430000 -1135.089966
40.220001 78.440002 -1135.219971
41.910000 78.459999 -1135.599976
43.590000 78.470001 -1135.699951
45.279999 78.500000 -1136.089966
46.950001 78.489998 -1135.959961
48.639999 78.510002 -1136.260010
50.330002 78.529999 -1136.540039
52.020000 78.550003 -1136.890015
53.709999 78.559998 -1137.140015
55.410000 78.599998 -1137.750000
57.110001 78.620003 -1138.030029
58.810001 78.660004 -1138.569946
60.529999 78.709999 -1139.390015
62.250000 78.760002 -1140.109985
63.970001 78.800003 -1140.760010
65.669998 78.820000 -1141.140015
67.389999 78.870003 -1141.770020
69.099998 78.900002 -1142.260010
70.839996 78.959999 -1143.180054
72.589996 79.019997 -1144.209961
74.339996 79.089996 -1145.239990
76.099998 79.169998 -1146.400024
77.860001 79.230003 -1147.420044
79.669998 79.349998 -1149.189941
81.500000 79.480003 -1151.239990
83.349998 79.629997 -1153.479980
85.199997 79.769997 -1155.599976
87.070000 79.919998 -1157.949951
88.970001 80.089996 -1160.530029
90.980003 80.349998 -1164.579956
93.120003 80.720001 -1170.180054
95.269997 81.080002 -1175.770020
-19.150000 79.779999 -1182.060059
-17.350000 79.489998 -1177.650024
-15.550000 79.199997 -1173.099976
-13.780000 78.970001 -1169.479980
-12.020000 78.690002 -1165.189941
-10.270000 78.449997 -1161.349976
-8.530000 78.260002 -1158.349976
-6.810000 78.099998 -1155.869995
-5.100000 77.949997 -1153.589966
-3.390000 77.820000 -1151.520020
-1.690000 77.680000 -1149.459961
0.010000 77.570000 -1147.630005
1.700000 77.449997 -1145.849976
3.380000 77.349998 -1144.260010
5.060000 77.269997 -1142.979980
6.740000 77.190002 -1141.739990
8.420000 77.080002 -1140.030029
10.090000 76.980003 -1138.540039
11.760000 76.910004 -1137.430054
13.420000 76.849998 -1136.489990
15.090000 76.820000 -1135.920044
16.760000 76.779999 -1135.300049
18.430000 76.739998 -1134.689941
20.090000 76.699997 -1134.160034
21.760000 76.669998 -1133.699951
23.430000 76.660004 -1133.500000
25.100000 76.650002 -1133.319946
26.770000 76.629997 -1133.069946
28.440001 76.629997 -1132.989990
30.100000 76.610001 -1132.699951
31.770000 76.610001 -1132.729980
33.450001 76.620003 -1132.800049
35.119999 76.620003 -1132.890015
36.810001 76.639999 -1133.199951
38.490002 76.669998 -1133.640015
40.169998 76.680000 -1133.729980
41.849998 76.680000 -1133.880005
43.520000 76.690002 -1133.939941
45.189999 76.680000 -1133.880005
46.860001 76.680000 -1133.780029
48.540001 76.680000 -1133.800049
50.209999 76.669998 -1133.699951
51.889999 76.690002 -1134.000000
53.580002 76.709999 -1134.250000
55.279999 76.750000 -1134.849976
56.990002 76.790001 -1135.599976
58.700001 76.830002 -1136.189941
60.410000 76.879997 -1136.900024
62.110001 76.910004 -1137.410034
63.840000 76.970001 -1138.319946
65.559998 77.010002 -1139.060059
67.269997 77.050003 -1139.630005
68.989998 77.099998 -1140.339966
70.720001 77.139999 -1141.119995
72.470001 77.209999 -1142.130005
74.230003 77.300003 -1143.469971
76.000000 77.370003 -1144.670044
77.760002 77.449997 -1145.920044
79.529999 77.519997 -1147.060059
81.330002 77.629997 -1148.719971
83.160004 77.750000 -1150.609985
85.019997 77.900002 -1153.030029
86.900002 78.059998 -1155.500000
88.779999 78.220001 -1158.030029
90.699997 78.400002 -1160.810059
92.680000 78.639999 -1164.459961
94.790001 78.959999 -1169.560059
96.889999 79.260002 -1174.300049
-20.910000 78.110001 -1183.140015
-19.110001 77.879997 -1179.510010
-17.309999 77.620003 -1175.290039
-15.520000 77.309998 -1170.459961
-13.750000 77.050003 -1166.250000
-11.990000 76.790001 -1162.079956
-10.240000 76.570000 -1158.579956
-8.520000 76.400002 -1155.910034
-6.800000 76.250000 -1153.479980
-5.090000 76.110001 -1151.250000
-3.380000 75.970001 -1149.069946
-1.690000 75.849998 -1147.109985
0.010000 75.750000 -1145.479980
1.690000 75.660004 -1144.180054
3.380000 75.589996 -1143.010010
5.060000 75.489998 -1141.400024
6.730000 75.389999 -1139.839966
8.410000 75.300003 -1138.449951
10.080000 75.239998 -1137.439941
11.750000 75.190002 -1136.689941
13.420000 75.139999 -1135.839966
15.080000 75.089996 -1135.060059
16.750000 75.050003 -1134.459961
18.420000 75.029999 -1134.020020
20.080000 75.000000 -1133.530029
21.750000 74.959999 -1133.030029
23.410000 74.940002 -1132.589966
25.080000 74.919998 -1132.280029
26.740000 74.889999 -1131.810059
28.400000 74.870003 -1131.599976
30.070000 74.860001 -1131.339966
31.730000 74.849998 -1131.199951
33.400002 74.839996 -1131.119995
35.080002 74.860001 -1131.369995
36.759998 74.879997 -1131.680054
38.439999 74.900002 -1132.040039
40.119999 74.910004 -1132.170044
41.790001 74.910004 -1132.209961
43.459999 74.910004 -1132.119995
45.139999 74.919998 -1132.310059
46.810001 74.919998 -1132.270020
48.470001 74.910004 -1132.189941
50.139999 74.910004 -1132.099976
51.820000 74.910004 -1132.209961
53.490002 74.919998 -1132.280029
55.169998 74.930000 -1132.510010
56.869999 74.970001 -1133.130005
58.570000 75.000000 -1133.589966
60.259998 75.019997 -1133.979980
61.959999 75.050003 -1134.380005
63.669998 75.099998 -1135.209961
65.400002 75.160004 -1136.130005
67.120003 75.209999 -1136.920044
68.830002 75.239998 -1137.520020
70.550003 75.290001 -1138.209961
72.279999 75.339996 -1139.069946
74.029999 75.400002 -1140.119995
75.790001 75.489998 -1141.439941
77.580002 75.580002 -1142.979980
79.389999 75.709999 -1144.930054
81.190002 75.809998 -1146.569946
83.000000 75.919998 -1148.319946
84.830002 76.040001 -1150.319946
86.699997 76.190002 -1152.680054
88.559998 76.330002 -1154.930054
90.480003 76.510002 -1157.869995
92.370003 76.669998 -1160.300049
94.339996 76.870003 -1163.640015
96.440002 77.180000 -1168.579956
98.570000 77.510002 -1173.780029
-20.879999 76.260002 -1181.250000
-19.080000 76.019997 -1177.430054
-17.270000 75.690002 -1171.949951
-15.480000 75.389999 -1167.079956
-13.710000 75.160004 -1163.329956
-11.960000 74.930000 -1159.680054
-10.220000 74.720001 -1156.170044
-8.500000 74.550003 -1153.400024
-6.790000 74.419998 -1151.339966
-5.080000 74.290001 -1149.229980
-3.380000 74.160004 -1147.130005
-1.680000 74.050003 -1145.260010
0.010000 73.980003 -1144.079956
1.690000 73.889999 -1142.599976
3.370000 73.790001 -1141.030029
5.050000 73.709999 -1139.739990
6.730000 73.639999 -1138.530029
8.400000 73.559998 -1137.270020
10.070000 73.510002 -1136.420044
11.740000 73.440002 -1135.380005
13.400000 73.400002 -1134.699951
15.070000 73.370003 -1134.199951
16.740000 73.349998 -1133.859985
18.410000 73.309998 -1133.180054
20.059999 73.250000 -1132.239990
21.719999 73.199997 -1131.359985
23.370001 73.150002 -1130.670044
25.030001 73.129997 -1130.209961
26.690001 73.099998 -1129.790039
28.360001 73.089996 -1129.579956
30.020000 73.089996 -1129.560059
31.690001 73.080002 -1129.489990
33.360001 73.080002 -1129.510010
35.020000 73.070000 -1129.359985
36.689999 73.089996 -1129.550049
38.369999 73.099998 -1129.760010
40.049999 73.120003 -1130.089966
41.720001 73.120003 -1130.189941
43.389999 73.129997 -1130.349976
45.070000 73.139999 -1130.439941
46.730000 73.139999 -1130.459961
48.410000 73.150002 -1130.550049
50.080002 73.150002 -1130.589966
51.750000 73.150002 -1130.569946
53.410000 73.139999 -1130.430054
55.080002 73.139999 -1130.449951
56.759998 73.150002 -1130.630005
58.439999 73.160004 -1130.869995
60.139999 73.209999 -1131.589966
61.849998 73.250000 -1132.229980
63.560001 73.290001 -1132.969971
65.260002 73.330002 -1133.560059
66.959999 73.360001 -1134.069946
68.660004 73.389999 -1134.579956
70.379997 73.440002 -1135.319946
72.120003 73.500000 -1136.380005
73.849998 73.550003 -1137.239990
75.559998 73.580002 -1137.729980
77.320000 73.660004 -1139.079956
79.120003 73.769997 -1140.760010
80.949997 73.910004 -1143.079956
82.809998 74.059998 -1145.510010
84.639999 74.180000 -1147.569946
86.470001 74.300003 -1149.439941
88.320000 74.430000 -1151.599976
90.199997 74.580002 -1154.079956
92.120003 74.760002 -1157.020020
94.050003 74.940002 -1159.920044
96.019997 75.139999 -1163.250000
98.129997 75.440002 -1168.189941
-22.629999 74.559998 -1181.790039
-20.830000 74.379997 -1178.750000
-19.020000 74.059998 -1173.550049
-17.219999 73.779999 -1168.880005
-15.450000 73.529999 -1164.589966
-13.690000 73.300003 -1160.880005
-11.940000 73.080002 -1157.109985
-10.210000 72.900002 -1154.109985
-8.490000 72.750000 -1151.670044
-6.780000 72.629997 -1149.619995
-5.070000 72.510002 -1147.589966
-3.370000 72.379997 -1145.510010
-1.680000 72.290001 -1143.939941
0.010000 72.190002 -1142.310059
1.690000 72.099998 -1140.770020
3.370000 72.029999 -1139.650024
5.050000 71.959999 -1138.540039
6.720000 71.889999 -1137.339966
8.390000 71.830002 -1136.239990
10.060000 71.779999 -1135.420044
11.730000 71.739998 -1134.739990
13.400000 71.690002 -1134.040039
15.060000 71.639999 -1133.209961
16.719999 71.589996 -1132.319946
18.379999 71.529999 -1131.250000
20.030001 71.470001 -1130.329956
21.680000 71.419998 -1129.510010
23.340000 71.389999 -1129.020020
24.990000 71.349998 -1128.300049
26.639999 71.309998 -1127.630005
28.299999 71.290001 -1127.390015
29.959999 71.279999 -1127.209961
31.620001 71.269997 -1127.050049
33.290001 71.269997 -1127.010010
34.939999 71.260002 -1126.810059
36.599998 71.250000 -1126.689941
38.279999 71.269997 -1127.010010
39.950001 71.290001 -1127.329956
41.630001 71.320000 -1127.750000
43.299999 71.330002 -1127.939941
44.980000 71.349998 -1128.310059
46.660000 71.360001 -1128.510010
48.330002 71.370003 -1128.619995
50.000000 71.379997 -1128.810059
51.669998 71.379997 -1128.819946
53.330002 71.379997 -1128.780029
54.990002 71.370003 -1128.589966
56.660000 71.370003 -1128.660034
58.330002 71.370003 -1128.709961
60.000000 71.379997 -1128.770020
61.680000 71.389999 -1129.020020
63.380001 71.430000 -1129.640015
65.089996 71.470001 -1130.400024
66.790001 71.510002 -1131.050049
68.480003 71.529999 -1131.410034
70.199997 71.580002 -1132.180054
71.910004 71.620003 -1132.920044
73.639999 71.669998 -1133.770020
75.370003 71.730003 -1134.750000
77.120003 71.800003 -1135.900024
78.889999 71.879997 -1137.290039
80.680000 71.980003 -1138.959961
82.529999 72.129997 -1141.500000
84.419998 72.309998 -1144.420044
86.300003 72.470001 -1147.150024
88.150002 72.599998 -1149.310059
89.980003 72.709999 -1151.069946
91.860001 72.860001 -1153.599976
93.769997 73.019997 -1156.290039
95.739998 73.220001 -1159.699951
97.769997 73.459999 -1163.739990
99.930000 73.790001 -1169.180054
-22.570000 72.650002 -1178.869995
-20.780001 72.449997 -1175.329956
-18.969999 72.180000 -1170.719971
-17.190001 71.910004 -1166.250000
-15.420000 71.669998 -1162.180054
-13.660000 71.470001 -1158.709961
-11.920000 71.290001 -1155.579956
-10.190000 71.120003 -1152.640015
-8.480000 70.970001 -1150.099976
-6.770000 70.839996 -1147.920044
-5.070000 70.730003 -1146.130005
-3.370000 70.620003 -1144.140015
-1.680000 70.500000 -1142.150024
0.010000 70.419998 -1140.729980
1.690000 70.349998 -1139.540039
3.360000 70.269997 -1138.229980
5.040000 70.199997 -1137.040039
6.710000 70.150002 -1136.229980
8.380000 70.110001 -1135.459961
10.050000 70.050003 -1134.469971
11.720000 69.980003 -1133.290039
13.380000 69.919998 -1132.199951
15.040000 69.889999 -1131.699951
16.700001 69.839996 -1130.900024
18.350000 69.779999 -1129.790039
20.000000 69.720001 -1128.760010
21.650000 69.660004 -1127.750000
23.299999 69.599998 -1126.709961
24.940001 69.540001 -1125.819946
26.590000 69.519997 -1125.339966
28.250000 69.510002 -1125.260010
29.910000 69.500000 -1125.020020
31.559999 69.489998 -1124.829956
33.209999 69.449997 -1124.250000
34.869999 69.449997 -1124.209961
36.529999 69.449997 -1124.280029
38.189999 69.449997 -1124.140015
39.840000 69.430000 -1123.930054
41.500000 69.440002 -1124.060059
43.180000 69.470001 -1124.459961
44.860001 69.500000 -1125.010010
46.540001 69.529999 -1125.550049
48.209999 69.540001 -1125.770020
49.889999 69.559998 -1126.150024
51.570000 69.589996 -1126.540039
53.250000 69.599998 -1126.810059
54.900002 69.589996 -1126.569946
56.549999 69.570000 -1126.250000
58.189999 69.540001 -1125.760010
59.830002 69.519997 -1125.459961
61.490002 69.510002 -1125.319946
63.160000 69.519997 -1125.500000
64.839996 69.540001 -1125.790039
66.540001 69.589996 -1126.619995
68.260002 69.639999 -1127.449951
69.980003 69.690002 -1128.410034
71.720001 69.769997 -1129.640015
73.440002 69.820000 -1130.530029
75.190002 69.900002 -1131.900024
76.949997 69.970001 -1133.229980
78.730003 70.070000 -1134.849976
80.510002 70.160004 -1136.410034
82.309998 70.269997 -1138.239990
84.150002 70.400002 -1140.540039
86.040001 70.570000 -1143.459961
87.940002 70.750000 -1146.449951
89.809998 70.879997 -1148.760010
91.660004 71.000000 -1150.839966
93.519997 71.129997 -1153.040039
95.459999 71.309998 -1156.140015
97.440002 71.510002 -1159.599976
99.540001 71.790001 -1164.310059
101.800003 72.180000 -1171.020020
-24.309999 70.919998 -1178.790039
-22.530001 70.779999 -1176.410034
-20.730000 70.550003 -1172.380005
-18.930000 70.309998 -1168.180054
-17.160000 70.089996 -1164.290039
-15.390000 69.849998 -1160.089966
-13.640000 69.669998 -1156.880005
-11.910000 69.489998 -1153.800049
-10.180000 69.339996 -1151.280029
-8.470000 69.209999 -1148.900024
-6.760000 69.080002 -1146.660034
-5.060000 68.959999 -1144.500000
-3.370000 68.849998 -1142.560059
-1.680000 68.760002 -1141.000000
0.010000 68.669998 -1139.420044
1.680000 68.589996 -1138.079956
3.360000 68.519997 -1136.880005
5.040000 68.480003 -1136.079956
6.710000 68.410004 -1135.000000
8.370000 68.349998 -1133.930054
10.040000 68.290001 -1132.770020
11.700000 68.239998 -1131.969971
13.370000 68.199997 -1131.329956
15.030000 68.160004 -1130.510010
16.680000 68.099998 -1129.449951
18.330000 68.019997 -1128.170044
19.969999 67.940002 -1126.800049
21.610001 67.870003 -1125.449951
23.250000 67.820000 -1124.609985
24.900000 67.779999 -1123.969971
26.549999 67.739998 -1123.250000
28.190001 67.699997 -1122.560059
29.840000 67.690002 -1122.260010
31.480000 67.650002 -1121.660034
33.130001 67.639999 -1121.400024
34.779999 67.620003 -1121.170044
36.419998 67.599998 -1120.689941
38.070000 67.589996 -1120.619995
39.720001 67.580002 -1120.380005
41.369999 67.570000 -1120.290039
43.040001 67.589996 -1120.569946
44.720001 67.629997 -1121.310059
46.400002 67.660004 -1121.869995
48.080002 67.699997 -1122.479980
49.750000 67.720001 -1122.839966
51.430000 67.750000 -1123.319946
53.110001 67.769997 -1123.699951
54.779999 67.779999 -1123.959961
56.419998 67.760002 -1123.640015
58.070000 67.750000 -1123.449951
59.720001 67.730003 -1123.130005
61.360001 67.720001 -1122.949951
62.990002 67.690002 -1122.420044
64.660004 67.699997 -1122.510010
66.349998 67.730003 -1123.089966
68.059998 67.779999 -1123.959961
69.790001 67.849998 -1125.150024
71.519997 67.919998 -1126.410034
73.269997 68.000000 -1127.790039
75.019997 68.080002 -1129.130005
76.779999 68.160004 -1130.550049
78.550003 68.239998 -1132.099976
80.349998 68.349998 -1134.020020
82.139999 68.459999 -1135.810059
83.980003 68.589996 -1138.140015
85.830002 68.720001 -1140.500000
87.709999 68.879997 -1143.239990
89.580002 69.019997 -1145.739990
91.480003 69.180000 -1148.520020
93.389999 69.339996 -1151.310059
95.279999 69.480003 -1153.739990
97.230003 69.650002 -1156.859985
99.260002 69.889999 -1160.939941
101.419998 70.199997 -1166.400024
-24.260000 69.059998 -1176.540039
-22.480000 68.919998 -1173.900024
-20.680000 68.690002 -1169.839966
-18.900000 68.459999 -1165.660034
-17.120001 68.239998 -1161.810059
-15.360000 68.040001 -1158.130005
-13.620000 67.849998 -1154.880005
-11.890000 67.690002 -1151.959961
-10.170000 67.550003 -1149.390015
-8.460000 67.440002 -1147.410034
-6.750000 67.300003 -1145.020020
-5.050000 67.169998 -1142.650024
-3.360000 67.080002 -1141.050049
-1.680000 67.000000 -1139.510010
0.010000 66.919998 -1138.109985
1.680000 66.849998 -1136.829956
3.360000 66.790001 -1135.780029
5.030000 66.720001 -1134.550049
6.700000 66.650002 -1133.310059
8.360000 66.599998 -1132.439941
10.030000 66.550003 -1131.569946
11.690000 66.500000 -1130.689941
13.350000 66.459999 -1129.859985
15.010000 66.400002 -1128.890015
16.650000 66.339996 -1127.680054
18.299999 66.260002 -1126.369995
19.940001 66.199997 -1125.180054
21.580000 66.129997 -1124.020020
23.219999 66.059998 -1122.719971
24.860001 66.010002 -1121.900024
26.500000 65.980003 -1121.300049
28.150000 65.959999 -1120.849976
29.790001 65.930000 -1120.390015
31.430000 65.900002 -1119.910034
33.080002 65.879997 -1119.469971
34.709999 65.839996 -1118.790039
36.349998 65.820000 -1118.390015
37.990002 65.800003 -1118.130005
39.650002 65.809998 -1118.180054
41.299999 65.809998 -1118.260010
42.950001 65.809998 -1118.300049
44.619999 65.839996 -1118.750000
46.299999 65.879997 -1119.459961
47.980000 65.910004 -1119.939941
49.650002 65.930000 -1120.369995
51.320000 65.959999 -1120.859985
53.009998 65.989998 -1121.479980
54.680000 66.010002 -1121.800049
56.349998 66.019997 -1122.010010
58.000000 66.010002 -1121.869995
59.639999 66.000000 -1121.640015
61.290001 66.000000 -1121.560059
62.939999 65.989998 -1121.459961
64.599998 65.989998 -1121.449951
66.269997 66.000000 -1121.699951
67.970001 66.050003 -1122.479980
69.680000 66.099998 -1123.420044
71.419998 66.169998 -1124.780029
73.160004 66.239998 -1126.030029
74.910004 66.320000 -1127.469971
76.680000 66.410004 -1129.060059
78.440002 66.489998 -1130.410034
80.209999 66.580002 -1132.050049
82.010002 66.680000 -1133.890015
83.809998 66.779999 -1135.689941
85.620003 66.889999 -1137.619995
87.489998 67.029999 -1140.180054
89.379997 67.190002 -1143.069946
91.320000 67.370003 -1146.339966
93.199997 67.510002 -1148.900024
95.110001 67.660004 -1151.619995
97.040001 67.820000 -1154.500000
99.019997 68.010002 -1157.910034
101.129997 68.290001 -1162.880005
103.410004 68.660004 -1169.589966
-24.230000 67.239998 -1174.729980
-22.430000 67.029999 -1170.989990
-20.650000 66.849998 -1167.550049
-18.870001 66.650002 -1163.949951
-17.100000 66.440002 -1159.979980
-15.350000 66.250000 -1156.650024
-13.600000 66.070000 -1153.270020
-11.870000 65.919998 -1150.589966
-10.160000 65.790001 -1148.219971
-8.450000 65.669998 -1145.890015
-6.740000 65.529999 -1143.400024
-5.050000 65.440002 -1141.670044
-3.360000 65.349998 -1140.050049
-1.680000 65.269997 -1138.530029
0.010000 65.199997 -1137.250000
1.680000 65.120003 -1135.849976
3.350000 65.059998 -1134.660034
5.020000 65.000000 -1133.589966
6.690000 64.930000 -1132.359985
8.350000 64.870003 -1131.189941
10.020000 64.809998 -1130.119995
11.670000 64.750000 -1128.979980
13.330000 64.690002 -1127.979980
14.980000 64.639999 -1127.020020
16.629999 64.589996 -1126.150024
18.280001 64.529999 -1125.040039
19.920000 64.459999 -1123.739990
21.559999 64.400002 -1122.500000
23.200001 64.349998 -1121.699951
24.840000 64.309998 -1120.930054
26.480000 64.290001 -1120.520020
28.129999 64.260002 -1119.959961
29.770000 64.239998 -1119.530029
31.410000 64.199997 -1118.949951
33.040001 64.169998 -1118.349976
34.680000 64.129997 -1117.680054
36.310001 64.110001 -1117.140015
37.950001 64.089996 -1116.949951
39.599998 64.080002 -1116.660034
41.240002 64.080002 -1116.630005
42.900002 64.080002 -1116.689941
44.560001 64.099998 -1116.969971
46.230000 64.129997 -1117.510010
47.910000 64.169998 -1118.319946
49.590000 64.199997 -1118.920044
51.259998 64.220001 -1119.319946
52.930000 64.239998 -1119.689941
54.599998 64.269997 -1120.170044
56.279999 64.290001 -1120.530029
57.939999 64.300003 -1120.660034
59.590000 64.300003 -1120.680054
61.250000 64.300003 -1120.680054
62.910000 64.300003 -1120.780029
64.570000 64.309998 -1120.890015
66.230003 64.320000 -1121.060059
67.919998 64.349998 -1121.599976
69.639999 64.400002 -1122.640015
71.379997 64.480003 -1124.030029
73.110001 64.540001 -1125.140015
74.849998 64.610001 -1126.520020
76.610001 64.690002 -1127.920044
78.370003 64.769997 -1129.420044
80.129997 64.839996 -1130.780029
81.919998 64.940002 -1132.569946
83.709999 65.029999 -1134.219971
85.519997 65.129997 -1136.089966
87.339996 65.239998 -1138.109985
89.220001 65.389999 -1140.819946
91.129997 65.550003 -1143.890015
93.040001 65.709999 -1146.790039
94.940002 65.860001 -1149.459961
96.879997 66.019997 -1152.459961
98.839996 66.190002 -1155.689941
100.879997 66.419998 -1159.790039
103.180000 66.800003 -1166.839966
-24.190001 65.410004 -1172.819946
-22.400000 65.220001 -1169.280029
-20.610001 65.019997 -1165.479980
-18.840000 64.849998 -1162.150024
-17.080000 64.650002 -1158.520020
-15.320000 64.459999 -1154.800049
-13.590000 64.300003 -1151.849976
-11.860000 64.169998 -1149.369995
-10.140000 64.029999 -1146.699951
-8.440000 63.900002 -1144.300049
-6.740000 63.810001 -1142.569946
-5.050000 63.720001 -1140.880005
-3.360000 63.639999 -1139.479980
-1.670000 63.560001 -1137.839966
0.010000 63.490002 -1136.520020
1.680000 63.400002 -1134.949951
3.350000 63.330002 -1133.589966
5.020000 63.270000 -1132.500000
6.680000 63.200001 -1131.150024
8.350000 63.139999 -1130.040039
10.010000 63.090000 -1129.040039
11.660000 63.020000 -1127.770020
13.310000 62.970001 -1126.790039
14.960000 62.910000 -1125.709961
16.610001 62.849998 -1124.550049
18.250000 62.790001 -1123.280029
19.889999 62.730000 -1122.250000
21.540001 62.689999 -1121.520020
23.180000 62.660000 -1120.959961
24.830000 62.630001 -1120.410034
26.469999 62.599998 -1119.849976
28.110001 62.580002 -1119.290039
29.750000 62.549999 -1118.800049
31.379999 62.509998 -1118.020020
33.020000 62.480000 -1117.459961
34.660000 62.459999 -1117.020020
36.290001 62.430000 -1116.630005
37.930000 62.419998 -1116.310059
39.570000 62.400002 -1115.949951
41.209999 62.380001 -1115.609985
42.860001 62.389999 -1115.699951
44.520000 62.410000 -1116.119995
46.189999 62.430000 -1116.579956
47.849998 62.450001 -1116.910034
49.529999 62.480000 -1117.500000
51.200001 62.500000 -1117.910034
52.869999 62.529999 -1118.359985
54.540001 62.549999 -1118.859985
56.220001 62.580002 -1119.420044
57.880001 62.590000 -1119.540039
59.540001 62.599998 -1119.709961
61.200001 62.599998 -1119.800049
62.860001 62.610001 -1119.959961
64.529999 62.630001 -1120.250000
66.209999 62.650002 -1120.640015
67.900002 62.680000 -1121.229980
69.610001 62.720001 -1122.119995
71.320000 62.779999 -1123.109985
73.059998 62.840000 -1124.369995
74.790001 62.900002 -1125.510010
76.550003 62.980000 -1127.010010
78.320000 63.070000 -1128.630005
80.059998 63.130001 -1129.719971
81.830002 63.209999 -1131.290039
83.650002 63.320000 -1133.339966
85.440002 63.410000 -1135.060059
87.250000 63.500000 -1136.839966
89.089996 63.619999 -1139.109985
91.010002 63.790001 -1142.250000
92.900002 63.930000 -1144.979980
94.800003 64.070000 -1147.670044
96.720001 64.220001 -1150.449951
98.650002 64.370003 -1153.339966
100.669998 64.580002 -1157.209961
102.820000 64.860001 -1162.500000
105.330002 65.349998 -1171.819946
-24.139999 63.560001 -1170.369995
-22.350000 63.360001 -1166.420044
-20.580000 63.220001 -1163.660034
-18.820000 63.060001 -1160.540039
-17.049999 62.849998 -1156.619995
-15.310000 62.689999 -1153.500000
-13.570000 62.549999 -1150.770020
-11.850000 62.400002 -1147.829956
-10.130000 62.270000 -1145.400024
-8.430000 62.160000 -1143.089966
-6.730000 62.070000 -1141.520020
-5.040000 62.009998 -1140.270020
-3.360000 61.939999 -1138.900024
-1.670000 61.849998 -1137.089966
0.010000 61.759998 -1135.520020
1.680000 61.689999 -1134.079956
3.350000 61.619999 -1132.819946
5.020000 61.560001 -1131.579956
6.680000 61.500000 -1130.439941
8.340000 61.439999 -1129.300049
10.000000 61.380001 -1128.010010
11.650000 61.310001 -1126.770020
13.300000 61.250000 -1125.500000
14.950000 61.189999 -1124.479980
16.590000 61.130001 -1123.250000
18.240000 61.080002 -1122.319946
19.879999 61.040001 -1121.510010
21.530001 61.009998 -1120.849976
23.170000 60.980000 -1120.319946
24.809999 60.950001 -1119.660034
26.459999 60.939999 -1119.449951
28.100000 60.910000 -1118.880005
29.740000 60.880001 -1118.390015
31.370001 60.840000 -1117.670044
33.009998 60.820000 -1117.099976
34.639999 60.790001 -1116.550049
36.279999 60.770000 -1116.300049
37.919998 60.750000 -1115.829956
39.560001 60.740002 -1115.609985
41.200001 60.720001 -1115.339966
42.840000 60.720001 -1115.250000
44.500000 60.740002 -1115.540039
46.160000 60.750000 -1115.859985
47.830002 60.770000 -1116.300049
49.490002 60.790001 -1116.670044
51.160000 60.810001 -1116.959961
52.820000 60.830002 -1117.319946
54.500000 60.860001 -1117.859985
56.169998 60.880001 -1118.300049
57.849998 60.900002 -1118.810059
59.509998 60.919998 -1119.060059
61.169998 60.919998 -1119.119995
62.830002 60.930000 -1119.380005
64.500000 60.950001 -1119.689941
66.190002 60.980000 -1120.300049
67.879997 61.009998 -1120.959961
69.599998 61.070000 -1122.050049
71.330002 61.130001 -1123.189941
73.050003 61.180000 -1124.140015
74.779999 61.240002 -1125.349976
76.540001 61.320000 -1126.810059
78.279999 61.380001 -1127.979980
80.050003 61.459999 -1129.609985
81.820000 61.529999 -1131.010010
83.599998 61.619999 -1132.670044
85.400002 61.709999 -1134.410034
87.199997 61.790001 -1136.130005
89.029999 61.910000 -1138.329956
90.889999 62.029999 -1140.660034
92.800003 62.180000 -1143.680054
94.699997 62.320000 -1146.359985
96.570000 62.430000 -1148.569946
98.470001 62.560001 -1151.119995
100.449997 62.740002 -1154.569946
102.540001 62.980000 -1159.199951
104.959999 63.410000 -1167.479980
-24.080000 61.700001 -1167.439941
-22.320000 61.570000 -1164.839966
-20.549999 61.419998 -1161.790039
-18.780001 61.250000 -1158.469971
-17.030001 61.080002 -1155.189941
-15.290000 60.939999 -1152.270020
-13.560000 60.799999 -1149.650024
-11.840000 60.669998 -1146.989990
-10.130000 60.540001 -1144.420044
-8.420000 60.439999 -1142.479980
-6.730000 60.360001 -1140.829956
-5.040000 60.279999 -1139.140015
-3.350000 60.200001 -1137.589966
-1.670000 60.130001 -1136.219971
0.010000 60.060001 -1134.750000
1.680000 59.990002 -1133.439941
3.350000 59.939999 -1132.380005
5.010000 59.880001 -1131.140015
6.680000 59.810001 -1129.760010
8.340000 59.750000 -1128.609985
9.990000 59.680000 -1127.339966
11.650000 59.639999 -1126.369995
13.290000 59.560001 -1124.780029
14.940000 59.500000 -1123.670044
16.580000 59.450001 -1122.660034
18.230000 59.410000 -1121.839966
19.870001 59.360001 -1120.969971
21.520000 59.330002 -1120.310059
23.160000 59.310001 -1119.829956
24.799999 59.279999 -1119.300049
26.450001 59.270000 -1119.010010
28.090000 59.240002 -1118.400024
29.730000 59.220001 -1118.099976
31.370001 59.200001 -1117.599976
33.009998 59.180000 -1117.229980
34.650002 59.150002 -1116.680054
36.279999 59.119999 -1116.089966
37.910000 59.099998 -1115.619995
39.549999 59.080002 -1115.239990
41.180000 59.060001 -1114.869995
42.830002 59.060001 -1114.829956
44.480000 59.060001 -1114.949951
46.130001 59.080002 -1115.170044
47.799999 59.099998 -1115.599976
49.459999 59.119999 -1116.000000
51.130001 59.139999 -1116.359985
52.790001 59.150002 -1116.569946
54.450001 59.160000 -1116.869995
56.130001 59.189999 -1117.439941
57.799999 59.209999 -1117.930054
59.480000 59.240002 -1118.369995
61.139999 59.240002 -1118.530029
62.799999 59.250000 -1118.670044
64.470001 59.270000 -1119.089966
66.169998 59.310001 -1119.900024
67.870003 59.360001 -1120.780029
69.589996 59.410000 -1121.819946
71.330002 59.480000 -1123.280029
73.059998 59.540001 -1124.359985
74.820000 59.610001 -1125.920044
76.580002 59.689999 -1127.500000
78.339996 59.759998 -1128.880005
80.129997 59.860001 -1130.829956
81.839996 59.880001 -1131.300049
83.559998 59.919998 -1132.030029
85.269997 59.950001 -1132.699951
87.080002 60.040001 -1134.550049
88.930000 60.160000 -1136.880005
90.720001 60.240002 -1138.390015
92.669998 60.419998 -1141.979980
94.610001 60.580002 -1145.180054
96.500000 60.709999 -1147.750000
98.330002 60.790001 -1149.400024
100.239998 60.919998 -1152.020020
102.330002 61.150002 -1156.709961
104.639999 61.509998 -1163.800049
107.129997 61.959999 -1172.750000
-24.049999 59.900002 -1165.729980
-22.290001 59.779999 -1163.280029
-20.530001 59.650002 -1160.530029
-18.760000 59.480000 -1157.109985
-17.010000 59.330002 -1154.079956
-15.280000 59.209999 -1151.619995
-13.550000 59.080002 -1148.869995
-11.830000 58.950001 -1146.250000
-10.120000 58.840000 -1144.030029
-8.420000 58.740002 -1141.969971
-6.720000 58.650002 -1140.180054
-5.030000 58.570000 -1138.380005
-3.350000 58.480000 -1136.689941
-1.670000 58.410000 -1135.130005
0.010000 58.349998 -1133.949951
1.680000 58.290001 -1132.709961
3.350000 58.240002 -1131.660034
5.010000 58.169998 -1130.359985
6.670000 58.119999 -1129.319946
8.340000 58.080002 -1128.449951
9.990000 58.020000 -1127.310059
11.640000 57.959999 -1125.880005
13.290000 57.880001 -1124.300049
14.930000 57.820000 -1123.130005
16.580000 57.790001 -1122.459961
18.230000 57.740002 -1121.569946
19.870001 57.720001 -1121.099976
21.520000 57.700001 -1120.599976
23.170000 57.700001 -1120.550049
24.820000 57.680000 -1120.300049
26.469999 57.669998 -1120.079956
28.120001 57.650002 -1119.619995
29.760000 57.630001 -1119.180054
31.400000 57.599998 -1118.650024
33.029999 57.570000 -1117.930054
34.660000 57.529999 -1117.140015
36.290001 57.490002 -1116.329956
37.910000 57.450001 -1115.500000
39.540001 57.419998 -1114.959961
41.169998 57.400002 -1114.540039
42.810001 57.389999 -1114.319946
44.459999 57.400002 -1114.520020
46.110001 57.410000 -1114.619995
47.770000 57.419998 -1114.939941
49.439999 57.450001 -1115.410034
51.099998 57.459999 -1115.680054
52.750000 57.459999 -1115.729980
54.410000 57.480000 -1116.040039
56.080002 57.500000 -1116.430054
57.770000 57.540001 -1117.219971
59.439999 57.560001 -1117.750000
61.110001 57.570000 -1117.959961
62.779999 57.590000 -1118.310059
64.449997 57.610001 -1118.790039
66.150002 57.639999 -1119.469971
67.860001 57.700001 -1120.510010
69.570000 57.740002 -1121.510010
71.320000 57.810001 -1122.959961
73.040001 57.869999 -1124.089966
74.709999 57.880001 -1124.239990
96.360001 58.930000 -1145.989990
98.239998 59.040001 -1148.250000
100.099998 59.139999 -1150.300049
102.059998 59.299999 -1153.439941
104.279999 59.599998 -1159.599976
106.830002 60.060001 -1169.209961
109.279999 60.470001 -1177.550049
-25.809999 58.290001 -1167.819946
-24.040001 58.169998 -1165.250000
-22.280001 58.040001 -1162.640015
-20.500000 57.880001 -1159.150024
-18.750000 57.730000 -1156.010010
-17.000000 57.599998 -1153.329956
-15.270000 57.480000 -1150.739990
-13.540000 57.330002 -1147.670044
-11.820000 57.230000 -1145.540039
-10.120000 57.130001 -1143.449951
-8.420000 57.029999 -1141.359985
-6.720000 56.930000 -1139.209961
-5.030000 56.840000 -1137.400024
-3.350000 56.759998 -1135.589966
-1.670000 56.709999 -1134.550049
0.010000 56.650002 -1133.329956
1.680000 56.580002 -1131.859985
3.340000 56.540001 -1130.880005
5.010000 56.500000 -1130.050049
6.670000 56.470001 -1129.469971
8.330000 56.410000 -1128.280029
9.980000 56.320000 -1126.319946
11.620000 56.189999 -1123.589966
13.260000 56.130001 -1122.219971
14.920000 56.119999 -1122.140015
16.580000 56.119999 -1122.020020
18.219999 56.070000 -1121.040039
19.860001 56.020000 -1120.089966
21.490000 55.959999 -1118.729980
23.129999 55.930000 -1118.060059
24.760000 55.900002 -1117.430054
26.430000 55.930000 -1118.000000
28.070000 55.919998 -1117.819946
29.719999 55.910000 -1117.709961
31.370001 55.910000 -1117.660034
33.020000 55.900002 -1117.439941
34.669998 55.900002 -1117.410034
36.290001 55.849998 -1116.329956
37.900002 55.799999 -1115.349976
39.540001 55.779999 -1114.949951
41.169998 55.759998 -1114.540039
42.810001 55.750000 -1114.300049
44.450001 55.740002 -1114.109985
46.099998 55.750000 -1114.239990
47.759998 55.759998 -1114.520020
49.419998 55.779999 -1114.849976
51.080002 55.790001 -1115.180054
52.730000 55.799999 -1115.229980
54.380001 55.799999 -1115.390015
56.060001 55.830002 -1115.969971
57.740002 55.860001 -1116.550049
59.419998 55.889999 -1117.280029
61.099998 55.919998 -1117.739990
62.759998 55.930000 -1118.060059
64.440002 55.950001 -1118.520020
66.129997 55.980000 -1119.170044
67.830002 56.020000 -1120.000000
69.550003 56.080002 -1121.130005
71.269997 56.119999 -1122.140015
72.970001 56.160000 -1122.859985
74.610001 56.139999 -1122.589966
99.980003 57.380001 -1148.819946
101.860001 57.490002 -1151.119995
103.989998 57.730000 -1156.199951
106.459999 58.150002 -1165.020020
108.930000 58.549999 -1173.540039
-25.790001 56.529999 -1166.910034
-24.040001 56.439999 -1164.979980
-22.250000 56.259998 -1161.050049
-20.469999 56.090000 -1157.390015
-18.730000 55.990002 -1155.189941
-16.990000 55.869999 -1152.510010
-15.260000 55.759998 -1150.050049
-13.530000 55.619999 -1147.050049
-11.820000 55.520000 -1145.020020
-10.110000 55.430000 -1142.920044
-8.410000 55.320000 -1140.530029
-6.710000 55.209999 -1138.160034
-5.030000 55.139999 -1136.589966
-3.350000 55.060001 -1134.920044
-1.670000 55.000000 -1133.680054
0.010000 54.939999 -1132.420044
1.670000 54.889999 -1131.290039
3.340000 54.860001 -1130.680054
5.010000 54.820000 -1129.650024
6.670000 54.750000 -1128.180054
8.310000 54.630001 -1125.560059
9.950000 54.480000 -1122.310059
11.590000 54.400002 -1120.550049
13.230000 54.360001 -1119.709961
14.870000 54.279999 -1118.099976
16.520000 54.279999 -1118.050049
18.170000 54.270000 -1117.689941
19.809999 54.259998 -1117.609985
21.450001 54.220001 -1116.699951
23.080000 54.189999 -1115.979980
24.719999 54.160000 -1115.339966
26.379999 54.180000 -1115.750000
28.030001 54.180000 -1115.890015
29.670000 54.180000 -1115.760010
31.280001 54.110001 -1114.349976
32.950001 54.150002 -1115.030029
34.610001 54.169998 -1115.550049
36.240002 54.139999 -1115.010010
37.880001 54.130001 -1114.760010
39.520000 54.119999 -1114.550049
41.169998 54.119999 -1114.449951
42.810001 54.110001 -1114.270020
44.450001 54.099998 -1114.109985
46.090000 54.099998 -1114.050049
47.740002 54.110001 -1114.140015
49.400002 54.119999 -1114.420044
51.049999 54.119999 -1114.530029
52.700001 54.130001 -1114.699951
54.369999 54.150002 -1115.030029
56.040001 54.169998 -1115.579956
57.720001 54.200001 -1116.219971
59.400002 54.230000 -1116.890015
61.090000 54.270000 -1117.619995
62.759998 54.290001 -1118.040039
64.440002 54.310001 -1118.530029
66.120003 54.330002 -1119.079956
67.830002 54.369999 -1119.930054
69.550003 54.430000 -1121.119995
71.260002 54.470001 -1122.069946
72.919998 54.470001 -1122.130005
101.720001 55.730000 -1149.469971
103.769997 55.919998 -1153.609985
106.180000 56.290001 -1161.739990
108.699997 56.709999 -1170.859985
-25.780001 54.799999 -1166.479980
-24.010000 54.660000 -1163.449951
-22.219999 54.500000 -1159.819946
-20.469999 54.380001 -1157.020020
-18.730000 54.279999 -1154.810059
-16.980000 54.150002 -1151.859985
-15.250000 54.020000 -1148.920044
-13.530000 53.910000 -1146.540039
-11.810000 53.810001 -1144.349976
-10.110000 53.709999 -1142.199951
-8.400000 53.599998 -1139.729980
-6.710000 53.520000 -1137.800049
-5.020000 53.419998 -1135.540039
-3.340000 53.349998 -1133.989990
-1.670000 53.299999 -1132.829956
0.010000 53.250000 -1131.829956
1.670000 53.220001 -1131.020020
3.340000 53.169998 -1130.050049
5.000000 53.099998 -1128.400024
6.650000 52.939999 -1124.849976
8.280000 52.759998 -1120.880005
9.930000 52.700001 -1119.439941
11.570000 52.650002 -1118.400024
13.200000 52.590000 -1116.989990
14.840000 52.529999 -1115.630005
16.469999 52.490002 -1114.719971
18.120001 52.480000 -1114.469971
19.770000 52.500000 -1114.880005
21.400000 52.450001 -1113.800049
23.030001 52.419998 -1113.239990
24.660000 52.389999 -1112.599976
26.330000 52.439999 -1113.650024
27.990000 52.459999 -1114.160034
29.629999 52.470001 -1114.209961
31.260000 52.430000 -1113.380005
32.910000 52.450001 -1113.719971
34.580002 52.480000 -1114.400024
36.240002 52.500000 -1114.989990
37.889999 52.500000 -1115.000000
39.520000 52.480000 -1114.579956
41.169998 52.480000 -1114.449951
42.810001 52.470001 -1114.239990
44.450001 52.470001 -1114.170044
46.099998 52.470001 -1114.189941
47.750000 52.480000 -1114.400024
49.389999 52.470001 -1114.280029
51.040001 52.470001 -1114.310059
52.689999 52.480000 -1114.489990
54.360001 52.500000 -1114.979980
56.040001 52.540001 -1115.680054
57.720001 52.560001 -1116.290039
59.400002 52.590000 -1116.949951
61.080002 52.610001 -1117.469971
62.770000 52.650002 -1118.160034
64.459999 52.680000 -1118.949951
66.150002 52.709999 -1119.489990
67.839996 52.730000 -1120.119995
69.540001 52.770000 -1120.949951
71.230003 52.790001 -1121.489990
72.889999 52.799999 -1121.650024
82.860001 52.820000 -1122.079956
84.559998 52.840000 -1122.650024
86.250000 52.869999 -1123.150024
87.940002 52.880001 -1123.569946
89.699997 52.939999 -1124.890015
91.470001 53.009998 -1126.359985
93.320000 53.110001 -1128.660034
103.580002 54.119999 -1151.359985
105.860001 54.419998 -1158.020020
108.419998 54.849998 -1167.729980
-27.530001 53.150002 -1167.819946
-25.770000 53.060001 -1165.800049
-23.990000 52.919998 -1162.560059
-22.209999 52.770000 -1159.069946
-20.459999 52.650002 -1156.390015
-18.709999 52.540001 -1153.920044
-16.969999 52.430000 -1151.229980
-15.240000 52.310001 -1148.550049
-13.520000 52.200001 -1146.050049
-11.810000 52.099998 -1143.709961
-10.100000 52.000000 -1141.400024
-8.400000 51.900002 -1139.119995
-6.710000 51.799999 -1136.839966
-5.020000 51.730000 -1135.160034
-3.340000 51.650002 -1133.300049
-1.670000 51.590000 -1131.969971
0.010000 51.570000 -1131.420044
1.670000 51.540001 -1130.689941
3.340000 51.459999 -1128.790039
4.980000 51.220001 -1123.369995
6.620000 51.060001 -1119.609985
8.270000 51.020000 -1118.729980
9.910000 50.970001 -1117.579956
11.550000 50.930000 -1116.640015
13.190000 50.869999 -1115.290039
14.820000 50.830002 -1114.380005
16.459999 50.820000 -1113.979980
18.100000 50.790001 -1113.300049
19.750000 50.799999 -1113.650024
21.410000 50.840000 -1114.420044
23.059999 50.849998 -1114.640015
24.700001 50.840000 -1114.410034
26.320000 50.790001 -1113.250000
27.969999 50.790001 -1113.349976
29.610001 50.790001 -1113.400024
31.260000 50.799999 -1113.589966
32.919998 50.820000 -1113.959961
34.560001 50.799999 -1113.670044
36.220001 50.830002 -1114.170044
37.869999 50.830002 -1114.359985
39.529999 50.849998 -1114.660034
41.169998 50.840000 -1114.540039
42.820000 50.840000 -1114.569946
44.459999 50.840000 -1114.520020
46.110001 50.840000 -1114.569946
47.759998 50.840000 -1114.520020
49.400002 50.840000 -1114.410034
51.049999 50.840000 -1114.500000
52.700001 50.849998 -1114.579956
54.369999 50.869999 -1115.150024
56.049999 50.900002 -1115.829956
57.720001 50.919998 -1116.339966
59.419998 50.959999 -1117.189941
61.090000 50.980000 -1117.699951
62.790001 51.009998 -1118.479980
64.489998 51.049999 -1119.349976
66.169998 51.080002 -1119.959961
67.860001 51.099998 -1120.459961
69.550003 51.130001 -1121.189941
71.269997 51.169998 -1122.109985
72.910004 51.160000 -1121.959961
74.489998 51.110001 -1120.739990
76.129997 51.099998 -1120.479980
77.839996 51.139999 -1121.310059
79.540001 51.169998 -1122.030029
81.269997 51.209999 -1122.969971
82.980003 51.240002 -1123.719971
84.699997 51.279999 -1124.569946
86.400002 51.299999 -1125.250000
88.120003 51.340000 -1125.969971
89.849998 51.380001 -1126.910034
91.610001 51.430000 -1128.089966
93.349998 51.470001 -1129.079956
95.110001 51.520000 -1130.319946
96.870003 51.570000 -1131.469971
98.750000 51.680000 -1133.989990
-27.530001 51.419998 -1167.500000
-25.750000 51.310001 -1164.900024
-23.969999 51.169998 -1161.619995
-22.190001 51.029999 -1158.199951
-20.440001 50.919998 -1155.719971
-18.700001 50.820000 -1153.300049
-16.959999 50.709999 -1150.540039
-15.230000 50.580002 -1147.609985
-13.510000 50.490002 -1145.469971
-11.800000 50.389999 -1143.000000
-10.090000 50.290001 -1140.530029
-8.390000 50.180000 -1137.930054
-6.700000 50.090000 -1135.920044
-5.020000 50.020000 -1134.239990
-3.340000 49.959999 -1132.660034
-1.670000 49.919998 -1131.839966
0.010000 49.869999 -1130.689941
1.670000 49.740002 -1127.510010
3.320000 49.470001 -1121.099976
4.970000 49.410000 -1119.609985
6.610000 49.360001 -1118.479980
8.250000 49.290001 -1116.819946
9.890000 49.240002 -1115.520020
11.530000 49.180000 -1114.079956
13.170000 49.169998 -1113.739990
14.810000 49.169998 -1113.780029
16.450001 49.150002 -1113.329956
18.100000 49.150002 -1113.339966
19.740000 49.130001 -1112.959961
21.370001 49.110001 -1112.469971
23.010000 49.110001 -1112.430054
24.660000 49.119999 -1112.589966
26.309999 49.130001 -1112.839966
27.950001 49.119999 -1112.489990
29.590000 49.110001 -1112.439941
31.250000 49.130001 -1112.930054
32.910000 49.160000 -1113.630005
34.570000 49.189999 -1114.229980
36.220001 49.189999 -1114.160034
37.880001 49.209999 -1114.619995
39.540001 49.230000 -1115.130005
41.180000 49.220001 -1114.930054
42.830002 49.220001 -1115.020020
44.480000 49.230000 -1115.069946
46.130001 49.220001 -1115.040039
47.759998 49.200001 -1114.530029
49.410000 49.209999 -1114.709961
51.040001 49.200001 -1114.410034
52.709999 49.209999 -1114.800049
54.369999 49.230000 -1115.170044
56.049999 49.259998 -1115.859985
57.750000 49.299999 -1116.780029
59.430000 49.330002 -1117.540039
61.119999 49.360001 -1118.270020
62.830002 49.400002 -1119.270020
64.519997 49.430000 -1119.969971
66.199997 49.450001 -1120.510010
67.889999 49.480000 -1121.069946
69.599998 49.520000 -1121.989990
71.250000 49.509998 -1121.869995
72.870003 49.490002 -1121.310059
74.570000 49.509998 -1121.949951
76.300003 49.560001 -1123.079956
78.019997 49.599998 -1123.989990
79.730003 49.630001 -1124.719971
81.449997 49.669998 -1125.609985
83.150002 49.689999 -1126.199951
84.860001 49.720001 -1126.869995
86.559998 49.740002 -1127.420044
88.260002 49.759998 -1127.920044
89.980003 49.790001 -1128.550049
91.690002 49.820000 -1129.219971
93.419998 49.849998 -1129.989990
95.169998 49.889999 -1131.030029
96.959999 49.950001 -1132.489990
98.769997 50.020000 -1134.199951
100.589996 50.090000 -1135.920044
-27.510000 49.680000 -1166.859985
-25.730000 49.560001 -1164.000000
-23.950001 49.439999 -1160.880005
-22.190001 49.310001 -1157.780029
-20.440001 49.209999 -1155.310059
-18.700001 49.110001 -1152.780029
-16.959999 49.000000 -1150.079956
-15.230000 48.880001 -1147.310059
-13.500000 48.779999 -1144.660034
-11.790000 48.669998 -1142.119995
-10.090000 48.580002 -1139.760010
-8.390000 48.480000 -1137.369995
-6.700000 48.400002 -1135.229980
-5.010000 48.320000 -1133.459961
-3.340000 48.270000 -1132.150024
-1.660000 48.180000 -1129.920044
0.010000 48.060001 -1126.930054
1.660000 47.849998 -1121.810059
3.310000 47.759998 -1119.479980
4.960000 47.720001 -1118.489990
6.600000 47.660000 -1116.939941
8.250000 47.610001 -1115.849976
9.890000 47.580002 -1114.989990
11.530000 47.560001 -1114.489990
13.170000 47.540001 -1114.030029
14.820000 47.529999 -1113.910034
16.450001 47.509998 -1113.410034
18.100000 47.509998 -1113.400024
19.740000 47.500000 -1113.069946
21.379999 47.500000 -1113.170044
23.040001 47.520000 -1113.569946
24.700001 47.549999 -1114.270020
26.350000 47.560001 -1114.599976
28.000000 47.560001 -1114.520020
29.639999 47.560001 -1114.420044
31.270000 47.529999 -1113.699951
32.900002 47.509998 -1113.229980
34.560001 47.529999 -1113.869995
36.230000 47.570000 -1114.699951
37.900002 47.590000 -1115.260010
39.549999 47.599998 -1115.489990
41.200001 47.599998 -1115.469971
42.830002 47.580002 -1114.859985
44.480000 47.580002 -1115.069946
46.119999 47.580002 -1114.859985
47.770000 47.570000 -1114.770020
49.400002 47.560001 -1114.400024
51.049999 47.560001 -1114.489990
52.680000 47.549999 -1114.260010
54.349998 47.570000 -1114.750000
56.040001 47.610001 -1115.670044
57.730000 47.650002 -1116.550049
59.439999 47.689999 -1117.739990
61.150002 47.730000 -1118.750000
62.830002 47.750000 -1119.229980
64