  4.8600000e+000	 -2.4170000e+001	 -1.0945200e+003	
  6.4800000e+000	 -2.4160000e+001	 -1.0942900e+003	
  8.0900000e+000	 -2.4160000e+001	 -1.0942100e+003	
  9.7100000e+000	 -2.4160000e+001	 -1.0941801e+003	
  1.1330000e+001	 -2.4160000e+001	 -1.0942500e+003	
  1.2950000e+001	 -2.4160000e+001	 -1.0942400e+003	
  1.4570000e+001	 -2.4160000e+001	 -1.0943300e+003	
  1.6180000e+001	 -2.4170000e+001	 -1.0943600e+003	
  1.7799999e+001	 -2.4170000e+001	 -1.0943900e+003	
  1.9430000e+001	 -2.4170000e+001	 -1.0946899e+003	
  2.1049999e+001	 -2.4180000e+001	 -1.0949500e+003	
  2.2670000e+001	 -2.4180000e+001	 -1.0951500e+003	
  2.4299999e+001	 -2.4190001e+001	 -1.0954700e+003	
  2.5930000e+001	 -2.4200001e+001	 -1.0958199e+003	
  2.7549999e+001	 -2.4200001e+001	 -1.0961100e+003	
  3.2500000e+000	 -2.5809999e+001	 -1.0960400e+003	
  4.8600000e+000	 -2.5809999e+001	 -1.0957300e+003	
  6.4800000e+000	 -2.5799999e+001	 -1.0952900e+003	
  8.1000000e+000	 -2.5799999e+001	 -1.0953101e+003	
  9.7200000e+000	 -2.5790001e+001	 -1.0951300e+003	
  1.1340000e+001	 -2.5790001e+001	 -1.0950000e+003	
  1.2960000e+001	 -2.5790001e+001	 -1.0950601e+003	
  1.4580000e+001	 -2.5790001e+001	 -1.0951801e+003	
  1.6200001e+001	 -2.5799999e+001	 -1.0952600e+003	
  1.7820000e+001	 -2.5799999e+001	 -1.0952200e+003	
  1.9440001e+001	 -2.5799999e+001	 -1.0954600e+003	
  2.1059999e+001	 -2.5809999e+001	 -1.0956600e+003	
  2.2690001e+001	 -2.5809999e+001	 -1.0959500e+003	
  2.4320000e+001	 -2.5820000e+001	 -1.0963400e+003	
  2.5950001e+001	 -2.5830000e+001	 -1.0967500e+003	
  2.7580000e+001	 -2.5840000e+001	 -1.0970500e+003	
  2.9209999e+001	 -2.5850000e+001	 -1.0974600e+003	
  3.2500000e+000	 -2.7459999e+001	 -1.0973300e+003	
  4.8700000e+000	 -2.7450001e+001	 -1.0970000e+003	
  6.4900000e+000	 -2.7440001e+001	 -1.0966200e+003	
  8.1100000e+000	 -2.7440001e+001	 -1.0963800e+003	
  9.7300000e+000	 -2.7430000e+001	 -1.0962700e+003	
  1.1350000e+001	 -2.7430000e+001	 -1.0961200e+003	
  1.2960000e+001	 -2.7420000e+001	 -1.0958700e+003	
  1.4590000e+001	 -2.7430000e+001	 -1.0959301e+003	
  1.6209999e+001	 -2.7430000e+001	 -1.0959700e+003	
  1.7830000e+001	 -2.7430000e+001	 -1.0960601e+003	
  1.9450001e+001	 -2.7430000e+001	 -1.0961899e+003	
  2.1080000e+001	 -2.7440001e+001	 -1.0964600e+003	
  2.2709999e+001	 -2.7450001e+001	 -1.0968900e+003	
  2.4340000e+001	 -2.7459999e+001	 -1.0973101e+003	
  2.5969999e+001	 -2.7469999e+001	 -1.0977100e+003	
  2.7610001e+001	 -2.7490000e+001	 -1.0983700e+003	
  2.9250000e+001	 -2.7500000e+001	 -1.0989301e+003	
  1.6300000e+000	 -2.9129999e+001	 -1.0996600e+003	
  3.2500000e+000	 -2.9110001e+001	 -1.0987500e+003	
  4.8700000e+000	 -2.9100000e+001	 -1.0982300e+003	
  6.5000000e+000	 -2.9090000e+001	 -1.0978199e+003	
  8.1200000e+000	 -2.9080000e+001	 -1.0976100e+003	
  9.7400000e+000	 -2.9070000e+001	 -1.0972400e+003	
  1.1360000e+001	 -2.9059999e+001	 -1.0969399e+003	
  1.2970000e+001	 -2.9059999e+001	 -1.0967400e+003	
  1.4600000e+001	 -2.9059999e+001	 -1.0967500e+003	
  1.6219999e+001	 -2.9059999e+001	 -1.0967200e+003	
  1.7840000e+001	 -2.9059999e+001	 -1.0968000e+003	
  1.9469999e+001	 -2.9070000e+001	 -1.0970800e+003	
  2.1090000e+001	 -2.9080000e+001	 -1.0973400e+003	
  2.2730000e+001	 -2.9090000e+001	 -1.0978300e+003	
  2.4360001e+001	 -2.9100000e+001	 -1.0982100e+003	
  2.6000000e+001	 -2.9120001e+001	 -1.0989900e+003	
  2.7639999e+001	 -2.9139999e+001	 -1.0996899e+003	
  2.9290001e+001	 -2.9160000e+001	 -1.1006200e+003	
  1.6300000e+000	 -3.0760000e+001	 -1.1001400e+003	
  3.2600000e+000	 -3.0750000e+001	 -1.0995100e+003	
  4.8800000e+000	 -3.0760000e+001	 -1.1000400e+003	
  6.5000000e+000	 -3.0740000e+001	 -1.0990400e+003	
  8.1300000e+000	 -3.0730000e+001	 -1.0990100e+003	
  9.7500000e+000	 -3.0719999e+001	 -1.0984301e+003	
  1.1370000e+001	 -3.0709999e+001	 -1.0982500e+003	
  1.2990000e+001	 -3.0709999e+001	 -1.0979700e+003	
  1.4610000e+001	 -3.0700001e+001	 -1.0978199e+003	
  1.6230000e+001	 -3.0700001e+001	 -1.0976300e+003	
  1.7860001e+001	 -3.0700001e+001	 -1.0977700e+003	
  1.9480000e+001	 -3.0700001e+001	 -1.0977800e+003	
  2.1110001e+001	 -3.0709999e+001	 -1.0981600e+003	
  2.2740000e+001	 -3.0719999e+001	 -1.0985500e+003	
  2.4379999e+001	 -3.0750000e+001	 -1.0993300e+003	
  2.6020000e+001	 -3.0770000e+001	 -1.1001300e+003	
  2.7670000e+001	 -3.0790001e+001	 -1.1009399e+003	
  2.9320000e+001	 -3.0820000e+001	 -1.1020000e+003	
  1.6300000e+000	 -3.2270000e+001	 -1.0958900e+003	
  3.2600000e+000	 -3.2410000e+001	 -1.1010400e+003	
  4.8900000e+000	 -3.2419998e+001	 -1.1015900e+003	
  6.5100000e+000	 -3.2410000e+001	 -1.1009500e+003	
  8.1400000e+000	 -3.2380001e+001	 -1.1001100e+003	
  9.7600000e+000	 -3.2360001e+001	 -1.0993900e+003	
  1.1380000e+001	 -3.2349998e+001	 -1.0990500e+003	
  1.3000000e+001	 -3.2349998e+001	 -1.0987600e+003	
  1.4620000e+001	 -3.2340000e+001	 -1.0985699e+003	
  1.6240000e+001	 -3.2340000e+001	 -1.0985200e+003	
  1.7870001e+001	 -3.2340000e+001	 -1.0986100e+003	
  1.9500000e+001	 -3.2349998e+001	 -1.0989600e+003	
  2.1129999e+001	 -3.2360001e+001	 -1.0992600e+003	
  2.2760000e+001	 -3.2369999e+001	 -1.0996500e+003	
  2.4410000e+001	 -3.2400002e+001	 -1.1005100e+003	
  2.6049999e+001	 -3.2419998e+001	 -1.1013800e+003	
  2.7709999e+001	 -3.2459999e+001	 -1.1025699e+003	
  2.9360001e+001	 -3.2480000e+001	 -1.1032900e+003	
  1.6300000e+000	 -3.3900002e+001	 -1.0964500e+003	
  3.2600000e+000	 -3.4020000e+001	 -1.1007800e+003	
  4.8900000e+000	 -3.4020000e+001	 -1.1007700e+003	
  6.5200000e+000	 -3.4049999e+001	 -1.1017900e+003	
  8.1400000e+000	 -3.4040001e+001	 -1.1013199e+003	
  9.7700000e+000	 -3.4020000e+001	 -1.1007100e+003	
  1.1390000e+001	 -3.4000000e+001	 -1.0999100e+003	
  1.3010000e+001	 -3.3980000e+001	 -1.0994500e+003	
  1.4630000e+001	 -3.3980000e+001	 -1.0993000e+003	
  1.6250000e+001	 -3.3980000e+001	 -1.0992600e+003	
  1.7879999e+001	 -3.3980000e+001	 -1.0992700e+003	
  1.9510000e+001	 -3.3990002e+001	 -1.0995900e+003	
  2.1139999e+001	 -3.4000000e+001	 -1.1000500e+003	
  2.2780001e+001	 -3.4020000e+001	 -1.1006500e+003	
  2.4430000e+001	 -3.4049999e+001	 -1.1016600e+003	
  2.6080000e+001	 -3.4080002e+001	 -1.1027200e+003	
  2.7740000e+001	 -3.4119999e+001	 -1.1038800e+003	
  2.9379999e+001	 -3.4130001e+001	 -1.1043800e+003	
  1.6400000e+000	 -3.5770000e+001	 -1.1049200e+003	
  3.2700000e+000	 -3.5709999e+001	 -1.1030699e+003	
  4.8900000e+000	 -3.5689999e+001	 -1.1023199e+003	
  6.5200000e+000	 -3.5700001e+001	 -1.1027300e+003	
  8.1500000e+000	 -3.5700001e+001	 -1.1025300e+003	
  9.7800000e+000	 -3.5669998e+001	 -1.1017700e+003	
  1.1400000e+001	 -3.5660000e+001	 -1.1011400e+003	
  1.3020000e+001	 -3.5639999e+001	 -1.1005300e+003	
  1.4640000e+001	 -3.5619999e+001	 -1.1001000e+003	
  1.6270000e+001	 -3.5619999e+001	 -1.1001000e+003	
  1.7889999e+001	 -3.5630001e+001	 -1.1001400e+003	
  1.9520000e+001	 -3.5630001e+001	 -1.1003101e+003	
  2.1160000e+001	 -3.5650002e+001	 -1.1008300e+003	
  2.2799999e+001	 -3.5669998e+001	 -1.1016899e+003	
  2.4459999e+001	 -3.5709999e+001	 -1.1028800e+003	
  2.6120001e+001	 -3.5750000e+001	 -1.1042100e+003	
  2.7770000e+001	 -3.5790001e+001	 -1.1053199e+003	
  2.9410000e+001	 -3.5790001e+001	 -1.1055800e+003	
  1.6500000e+000	 -3.7570000e+001	 -1.1103199e+003	
  3.2800000e+000	 -3.7520000e+001	 -1.1088600e+003	
  4.9100000e+000	 -3.7419998e+001	 -1.1055900e+003	
  6.5300000e+000	 -3.7380001e+001	 -1.1044700e+003	
  8.1600000e+000	 -3.7360001e+001	 -1.1037700e+003	
  9.7800000e+000	 -3.7330002e+001	 -1.1027800e+003	
  1.1410000e+001	 -3.7299999e+001	 -1.1019800e+003	
  1.3030000e+001	 -3.7279999e+001	 -1.1012700e+003	
  1.4650000e+001	 -3.7270000e+001	 -1.1007800e+003	
  1.6270000e+001	 -3.7259998e+001	 -1.1006801e+003	
  1.7900000e+001	 -3.7259998e+001	 -1.1006801e+003	
  1.9530001e+001	 -3.7270000e+001	 -1.1010200e+003	
  2.1170000e+001	 -3.7290001e+001	 -1.1015900e+003	
  2.2820000e+001	 -3.7330002e+001	 -1.1026500e+003	
  2.4480000e+001	 -3.7369999e+001	 -1.1039000e+003	
  2.6139999e+001	 -3.7410000e+001	 -1.1052500e+003	
  2.7820000e+001	 -3.7480000e+001	 -1.1072600e+003	
  2.9590000e+001	 -3.7639999e+001	 -1.1125100e+003	
  1.6500000e+000	 -3.9340000e+001	 -1.1143400e+003	
  3.2900000e+000	 -3.9290001e+001	 -1.1128600e+003	
  4.9200000e+000	 -3.9169998e+001	 -1.1091801e+003	
  6.5400000e+000	 -3.9070000e+001	 -1.1063700e+003	
  8.1700000e+000	 -3.9020000e+001	 -1.1047600e+003	
  9.7900000e+000	 -3.8990002e+001	 -1.1038600e+003	
  1.1410000e+001	 -3.8950001e+001	 -1.1027700e+003	
  1.3030000e+001	 -3.8919998e+001	 -1.1018600e+003	
  1.4660000e+001	 -3.8910000e+001	 -1.1014100e+003	
  1.6280001e+001	 -3.8900002e+001	 -1.1011300e+003	
  1.7910000e+001	 -3.8900002e+001	 -1.1011300e+003	
  1.9540001e+001	 -3.8910000e+001	 -1.1013900e+003	
  2.1180000e+001	 -3.8939999e+001	 -1.1022900e+003	
  2.2840000e+001	 -3.8980000e+001	 -1.1036000e+003	
  2.4500000e+001	 -3.9029999e+001	 -1.1049700e+003	
  2.6170000e+001	 -3.9080002e+001	 -1.1065400e+003	
  2.7950001e+001	 -3.9290001e+001	 -1.1127700e+003	
  2.9700001e+001	 -3.9430000e+001	 -1.1170100e+003	
  1.6500000e+000	 -4.1049999e+001	 -1.1162800e+003	
  3.3000000e+000	 -4.1009998e+001	 -1.1151400e+003	
  4.9300000e+000	 -4.0900002e+001	 -1.1120100e+003	
  6.5500000e+000	 -4.0759998e+001	 -1.1079399e+003	
  8.1700000e+000	 -4.0680000e+001	 -1.1057200e+003	
  9.8000000e+000	 -4.0639999e+001	 -1.1044600e+003	
  1.1420000e+001	 -4.0590000e+001	 -1.1031801e+003	
  1.3040000e+001	 -4.0560001e+001	 -1.1022500e+003	
  1.4660000e+001	 -4.0540001e+001	 -1.1016600e+003	
  1.6290001e+001	 -4.0529999e+001	 -1.1015400e+003	
  1.7920000e+001	 -4.0540001e+001	 -1.1015800e+003	
  1.9549999e+001	 -4.0549999e+001	 -1.1018300e+003	
  2.1190001e+001	 -4.0570000e+001	 -1.1026600e+003	
  2.2850000e+001	 -4.0619999e+001	 -1.1040100e+003	
  2.4520000e+001	 -4.0680000e+001	 -1.1057800e+003	
  2.6219999e+001	 -4.0790001e+001	 -1.1088400e+003	
  2.8030001e+001	 -4.1040001e+001	 -1.1158400e+003	
  2.9750000e+001	 -4.1139999e+001	 -1.1187200e+003	
  1.6600000e+000	 -4.2730000e+001	 -1.1173700e+003	
  3.3000000e+000	 -4.2689999e+001	 -1.1162100e+003	
  4.9400000e+000	 -4.2590000e+001	 -1.1134800e+003	
  6.5600000e+000	 -4.2450001e+001	 -1.1097500e+003	
  8.1800000e+000	 -4.2349998e+001	 -1.1068700e+003	
  9.8000000e+000	 -4.2270000e+001	 -1.1047200e+003	
  1.1420000e+001	 -4.2220001e+001	 -1.1032100e+003	
  1.3040000e+001	 -4.2189999e+001	 -1.1023700e+003	
  1.4660000e+001	 -4.2169998e+001	 -1.1020100e+003	
  1.6290001e+001	 -4.2169998e+001	 -1.1018101e+003	
  1.7920000e+001	 -4.2169998e+001	 -1.1018300e+003	
  1.9549999e+001	 -4.2180000e+001	 -1.1022000e+003	
  2.1200001e+001	 -4.2209999e+001	 -1.1029700e+003	
  2.2860001e+001	 -4.2259998e+001	 -1.1043800e+003	
  2.4530001e+001	 -4.2340000e+001	 -1.1064800e+003	
  2.6290001e+001	 -4.2529999e+001	 -1.1118000e+003	
  2.8059999e+001	 -4.2730000e+001	 -1.1172900e+003	
  2.9760000e+001	 -4.2810001e+001	 -1.1193700e+003	
  1.6600000e+000	 -4.4400002e+001	 -1.1180900e+003	
  3.3000000e+000	 -4.4349998e+001	 -1.1166899e+003	
  4.9500000e+000	 -4.4279999e+001	 -1.1148300e+003	
  6.5700000e+000	 -4.4130001e+001	 -1.1109399e+003	
  8.1900000e+000	 -4.4000000e+001	 -1.1075000e+003	
  9.8000000e+000	 -4.3900002e+001	 -1.1048199e+003	
  1.1420000e+001	 -4.3860001e+001	 -1.1036500e+003	
  1.3040000e+001	 -4.3820000e+001	 -1.1026801e+003	
  1.4670000e+001	 -4.3799999e+001	 -1.1020400e+003	
  1.6290001e+001	 -4.3779999e+001	 -1.1016801e+003	
  1.7920000e+001	 -4.3790001e+001	 -1.1017100e+003	
  1.9559999e+001	 -4.3810001e+001	 -1.1022400e+003	
  2.1200001e+001	 -4.3840000e+001	 -1.1032300e+003	
  2.2860001e+001	 -4.3889999e+001	 -1.1045800e+003	
  2.4549999e+001	 -4.4000000e+001	 -1.1073500e+003	
  2.6330000e+001	 -4.4240002e+001	 -1.1136600e+003	
  2.8080000e+001	 -4.4410000e+001	 -1.1182100e+003	
  2.9770000e+001	 -4.4459999e+001	 -1.1195500e+003	
  1.6600000e+000	 -4.6040001e+001	 -1.1180400e+003	
  3.3000000e+000	 -4.5980000e+001	 -1.1164800e+003	
  4.9400000e+000	 -4.5889999e+001	 -1.1140300e+003	
  6.5700000e+000	 -4.5770000e+001	 -1.1109900e+003	
  8.1900000e+000	 -4.5639999e+001	 -1.1077800e+003	
  9.8100000e+000	 -4.5549999e+001	 -1.1052800e+003	
  1.1420000e+001	 -4.5480000e+001	 -1.1036600e+003	
  1.3040000e+001	 -4.5439999e+001	 -1.1026600e+003	
  1.4660000e+001	 -4.5419998e+001	 -1.1019000e+003	
  1.6290001e+001	 -4.5400002e+001	 -1.1015601e+003	
  1.7920000e+001	 -4.5400002e+001	 -1.1016300e+003	
  1.9559999e+001	 -4.5430000e+001	 -1.1022700e+003	
  2.1209999e+001	 -4.5480000e+001	 -1.1034200e+003	
  2.2870001e+001	 -4.5540001e+001	 -1.1050400e+003	
  2.4570000e+001	 -4.5669998e+001	 -1.1084500e+003	
  2.6350000e+001	 -4.5910000e+001	 -1.1144100e+003	
  2.8070000e+001	 -4.6040001e+001	 -1.1178700e+003	
  2.9770000e+001	 -4.6119999e+001	 -1.1197700e+003	
  1.6600000e+000	 -4.7689999e+001	 -1.1179500e+003	
  3.3000000e+000	 -4.7619999e+001	 -1.1162600e+003	
  4.9400000e+000	 -4.7540001e+001	 -1.1142800e+003	
  6.5700000e+000	 -4.7389999e+001	 -1.1107000e+003	
  8.1900000e+000	 -4.7270000e+001	 -1.1076899e+003	
  9.8100000e+000	 -4.7169998e+001	 -1.1052200e+003	
  1.1420000e+001	 -4.7099998e+001	 -1.1034000e+003	
  1.3040000e+001	 -4.7060001e+001	 -1.1025601e+003	
  1.4660000e+001	 -4.7029999e+001	 -1.1017800e+003	
  1.6290001e+001	 -4.7020000e+001	 -1.1015100e+003	
  1.7920000e+001	 -4.7029999e+001	 -1.1015800e+003	
  1.9549999e+001	 -4.7040001e+001	 -1.1019900e+003	
  2.1200001e+001	 -4.7080002e+001	 -1.1030300e+003	
  2.2860001e+001	 -4.7160000e+001	 -1.1047800e+003	
  2.4580000e+001	 -4.7310001e+001	 -1.1085500e+003	
  2.6330000e+001	 -4.7529999e+001	 -1.1139100e+003	
  2.8059999e+001	 -4.7650002e+001	 -1.1171000e+003	
  2.9760000e+001	 -4.7740002e+001	 -1.1191801e+003	
  1.6600000e+000	 -4.9299999e+001	 -1.1172900e+003	
  3.3000000e+000	 -4.9209999e+001	 -1.1151000e+003	
  4.9400000e+000	 -4.9130001e+001	 -1.1131000e+003	
  6.5700000e+000	 -4.9020000e+001	 -1.1105900e+003	
  8.1900000e+000	 -4.8900002e+001	 -1.1077000e+003	
  9.8100000e+000	 -4.8799999e+001	 -1.1052100e+003	
  1.1420000e+001	 -4.8709999e+001	 -1.1031500e+003	
  1.3040000e+001	 -4.8669998e+001	 -1.1021000e+003	
  1.4660000e+001	 -4.8639999e+001	 -1.1015100e+003	
  1.6280001e+001	 -4.8639999e+001	 -1.1012900e+003	
  1.7910000e+001	 -4.8639999e+001	 -1.1013600e+003	
  1.9549999e+001	 -4.8660000e+001	 -1.1018800e+003	
  2.1190001e+001	 -4.8689999e+001	 -1.1027000e+003	
  2.2860001e+001	 -4.8770000e+001	 -1.1045300e+003	
  2.4580000e+001	 -4.8950001e+001	 -1.1087200e+003	
  2.6340000e+001	 -4.9169998e+001	 -1.1140200e+003	
  2.8040001e+001	 -4.9270000e+001	 -1.1164800e+003	
  2.9740000e+001	 -4.9349998e+001	 -1.1183199e+003	
  1.0000000e-002	 -5.1000000e+001	 -1.1185300e+003	
  1.6500000e+000	 -5.0889999e+001	 -1.1160400e+003	
  3.3000000e+000	 -5.0820000e+001	 -1.1143199e+003	
  4.9400000e+000	 -5.0779999e+001	 -1.1133500e+003	
  6.5700000e+000	 -5.0650002e+001	 -1.1105000e+003	
  8.1900000e+000	 -5.0529999e+001	 -1.1076100e+003	
  9.8000000e+000	 -5.0400002e+001	 -1.1046899e+003	
  1.1420000e+001	 -5.0330002e+001	 -1.1029301e+003	
  1.3040000e+001	 -5.0279999e+001	 -1.1019000e+003	
  1.4660000e+001	 -5.0250000e+001	 -1.1012400e+003	
  1.6280001e+001	 -5.0240002e+001	 -1.1009200e+003	
  1.7910000e+001	 -5.0250000e+001	 -1.1010900e+003	
  1.9549999e+001	 -5.0270000e+001	 -1.1016700e+003	
  2.1190001e+001	 -5.0320000e+001	 -1.1027300e+003	
  2.2860001e+001	 -5.0410000e+001	 -1.1047200e+003	
  2.4580000e+001	 -5.0570000e+001	 -1.1085500e+003	
  2.6330000e+001	 -5.0790001e+001	 -1.1136801e+003	
  2.8040001e+001	 -5.0910000e+001	 -1.1163000e+003	
  2.9730000e+001	 -5.0970001e+001	 -1.1178199e+003	
  1.0000000e-002	 -5.2590000e+001	 -1.1172000e+003	
  1.6500000e+000	 -5.2520000e+001	 -1.1157500e+003	
  3.3000000e+000	 -5.2450001e+001	 -1.1141100e+003	
  4.9400000e+000	 -5.2380001e+001	 -1.1124200e+003	
  6.5600000e+000	 -5.2259998e+001	 -1.1098300e+003	
  8.1900000e+000	 -5.2139999e+001	 -1.1070699e+003	
  9.8000000e+000	 -5.2009998e+001	 -1.1042900e+003	
  1.1410000e+001	 -5.1930000e+001	 -1.1023600e+003	
  1.3030000e+001	 -5.1869999e+001	 -1.1011000e+003	
  1.4650000e+001	 -5.1840000e+001	 -1.1004900e+003	
  1.6270000e+001	 -5.1849998e+001	 -1.1005800e+003	
  1.7900000e+001	 -5.1849998e+001	 -1.1007300e+003	
  1.9540001e+001	 -5.1880001e+001	 -1.1012800e+003	
  2.1190001e+001	 -5.1930000e+001	 -1.1024399e+003	
  2.2860001e+001	 -5.2020000e+001	 -1.1043199e+003	
  2.4570000e+001	 -5.2180000e+001	 -1.1081100e+003	
  2.6309999e+001	 -5.2400002e+001	 -1.1129600e+003	
  2.8030001e+001	 -5.2529999e+001	 -1.1158199e+003	
  2.9719999e+001	 -5.2599998e+001	 -1.1175100e+003	
  3.1410000e+001	 -5.2680000e+001	 -1.1192500e+003	
  1.0000000e-002	 -5.4209999e+001	 -1.1167400e+003	
  1.6500000e+000	 -5.4150002e+001	 -1.1155000e+003	
  3.3000000e+000	 -5.4070000e+001	 -1.1137700e+003	
  4.9300000e+000	 -5.3980000e+001	 -1.1117100e+003	
  6.5600000e+000	 -5.3840000e+001	 -1.1087300e+003	
  8.1800000e+000	 -5.3730000e+001	 -1.1062900e+003	
  9.7900000e+000	 -5.3599998e+001	 -1.1035601e+003	
  1.1400000e+001	 -5.3520000e+001	 -1.1016700e+003	
  1.3020000e+001	 -5.3470001e+001	 -1.1006600e+003	
  1.4640000e+001	 -5.3450001e+001	 -1.1001000e+003	
  1.6270000e+001	 -5.3439999e+001	 -1.1000699e+003	
  1.7900000e+001	 -5.3459999e+001	 -1.1004301e+003	
  1.9540001e+001	 -5.3490002e+001	 -1.1009700e+003	
  2.1180000e+001	 -5.3540001e+001	 -1.1021100e+003	
  2.2860001e+001	 -5.3639999e+001	 -1.1043900e+003	
  2.4559999e+001	 -5.3799999e+001	 -1.1077100e+003	
  2.6299999e+001	 -5.4009998e+001	 -1.1123199e+003	
  2.8020000e+001	 -5.4160000e+001	 -1.1156899e+003	
  2.9719999e+001	 -5.4250000e+001	 -1.1175200e+003	
  3.1410000e+001	 -5.4320000e+001	 -1.1189500e+003	
  1.0000000e-002	 -5.5849998e+001	 -1.1165800e+003	
  1.6500000e+000	 -5.5779999e+001	 -1.1150699e+003	
  3.2900000e+000	 -5.5689999e+001	 -1.1132600e+003	
  4.9300000e+000	 -5.5590000e+001	 -1.1111200e+003	
  6.5500000e+000	 -5.5430000e+001	 -1.1078300e+003	
  8.1700000e+000	 -5.5310001e+001	 -1.1051899e+003	
  9.7900000e+000	 -5.5189999e+001	 -1.1028300e+003	
  1.1400000e+001	 -5.5119999e+001	 -1.1012100e+003	
  1.3010000e+001	 -5.5060001e+001	 -1.1000200e+003	
  1.4640000e+001	 -5.5040001e+001	 -1.0995900e+003	
  1.6260000e+001	 -5.5040001e+001	 -1.0996000e+003	
  1.7889999e+001	 -5.5060001e+001	 -1.0999100e+003	
  1.9530001e+001	 -5.5090000e+001	 -1.1005400e+003	
  2.1180000e+001	 -5.5150002e+001	 -1.1018101e+003	
  2.2850000e+001	 -5.5250000e+001	 -1.1039700e+003	
  2.4549999e+001	 -5.5410000e+001	 -1.1072700e+003	
  2.6280001e+001	 -5.5599998e+001	 -1.1112500e+003	
  2.8010000e+001	 -5.5790001e+001	 -1.1152500e+003	
  2.9709999e+001	 -5.5889999e+001	 -1.1173500e+003	
  3.1410000e+001	 -5.5959999e+001	 -1.1189399e+003	
  1.0000000e-002	 -5.7480000e+001	 -1.1163500e+003	
  1.6500000e+000	 -5.7400002e+001	 -1.1146801e+003	
  3.2900000e+000	 -5.7290001e+001	 -1.1124700e+003	
  4.9300000e+000	 -5.7169998e+001	 -1.1100800e+003	
  6.5500000e+000	 -5.7040001e+001	 -1.1072500e+003	
  8.1700000e+000	 -5.6910000e+001	 -1.1047300e+003	
  9.7800000e+000	 -5.6790001e+001	 -1.1022700e+003	
  1.1390000e+001	 -5.6709999e+001	 -1.1006700e+003	
  1.3010000e+001	 -5.6660000e+001	 -1.0995900e+003	
  1.4630000e+001	 -5.6650002e+001	 -1.0993000e+003	
  1.6260000e+001	 -5.6639999e+001	 -1.0992500e+003	
  1.7889999e+001	 -5.6669998e+001	 -1.0996700e+003	
  1.9520000e+001	 -5.6700001e+001	 -1.1003101e+003	
  2.1180000e+001	 -5.6759998e+001	 -1.1016801e+003	
  2.2850000e+001	 -5.6880001e+001	 -1.1039800e+003	
  2.4540001e+001	 -5.7020000e+001	 -1.1069700e+003	
  2.6270000e+001	 -5.7220001e+001	 -1.1109200e+003	
  2.8000000e+001	 -5.7389999e+001	 -1.1144800e+003	
  2.9709999e+001	 -5.7520000e+001	 -1.1171300e+003	
  3.1410000e+001	 -5.7610001e+001	 -1.1189500e+003	
  1.0000000e-002	 -5.9110001e+001	 -1.1161600e+003	
  1.6500000e+000	 -5.9020000e+001	 -1.1142500e+003	
  3.2900000e+000	 -5.8900002e+001	 -1.1120200e+003	
  4.9200000e+000	 -5.8770000e+001	 -1.1094399e+003	
  6.5500000e+000	 -5.8630001e+001	 -1.1064700e+003	
  8.1600000e+000	 -5.8490002e+001	 -1.1037300e+003	
  9.7800000e+000	 -5.8380001e+001	 -1.1016200e+003	
  1.1390000e+001	 -5.8310001e+001	 -1.1001200e+003	
  1.3010000e+001	 -5.8270000e+001	 -1.0992800e+003	
  1.4620000e+001	 -5.8230000e+001	 -1.0986600e+003	
  1.6250000e+001	 -5.8240002e+001	 -1.0987100e+003	
  1.7879999e+001	 -5.8259998e+001	 -1.0991899e+003	
  1.9520000e+001	 -5.8299999e+001	 -1.1000000e+003	
  2.1170000e+001	 -5.8380001e+001	 -1.1016100e+003	
  2.2840000e+001	 -5.8480000e+001	 -1.1036400e+003	
  2.4549999e+001	 -5.8660000e+001	 -1.1071400e+003	
  2.6260000e+001	 -5.8840000e+001	 -1.1106700e+003	
  2.7990000e+001	 -5.9009998e+001	 -1.1141500e+003	
  2.9709999e+001	 -5.9160000e+001	 -1.1170300e+003	
  3.1410000e+001	 -5.9250000e+001	 -1.1189100e+003	
 -1.6500000e+000	 -6.0810001e+001	 -1.1171600e+003	
  1.0000000e-002	 -6.0730000e+001	 -1.1157300e+003	
  1.6500000e+000	 -6.0639999e+001	 -1.1140100e+003	
  3.2900000e+000	 -6.0520000e+001	 -1.1116000e+003	
  4.9200000e+000	 -6.0380001e+001	 -1.1088800e+003	
  6.5400000e+000	 -6.0220001e+001	 -1.1057300e+003	
  8.1600000e+000	 -6.0080002e+001	 -1.1030100e+003	
  9.7700000e+000	 -5.9970001e+001	 -1.1009000e+003	
  1.1380000e+001	 -5.9900002e+001	 -1.0996400e+003	
  1.3000000e+001	 -5.9869999e+001	 -1.0990200e+003	
  1.4620000e+001	 -5.9849998e+001	 -1.0985500e+003	
  1.6240000e+001	 -5.9840000e+001	 -1.0984200e+003	
  1.7879999e+001	 -5.9860001e+001	 -1.0988300e+003	
  1.9520000e+001	 -5.9910000e+001	 -1.0997700e+003	
  2.1170000e+001	 -5.9980000e+001	 -1.1011801e+003	
  2.2840000e+001	 -6.0099998e+001	 -1.1035100e+003	
  2.4549999e+001	 -6.0299999e+001	 -1.1072400e+003	
  2.6260000e+001	 -6.0480000e+001	 -1.1107300e+003	
  2.7980000e+001	 -6.0650002e+001	 -1.1140100e+003	
  2.9690001e+001	 -6.0770000e+001	 -1.1164100e+003	
  3.1400000e+001	 -6.0889999e+001	 -1.1187900e+003	
 -1.6500000e+000	 -6.2459999e+001	 -1.1172900e+003	
  1.0000000e-002	 -6.2369999e+001	 -1.1156000e+003	
  1.6500000e+000	 -6.2270000e+001	 -1.1136600e+003	
  3.2900000e+000	 -6.2119999e+001	 -1.1109800e+003	
  4.9200000e+000	 -6.1959999e+001	 -1.1079301e+003	
  6.5400000e+000	 -6.1799999e+001	 -1.1049399e+003	
  8.1500000e+000	 -6.1660000e+001	 -1.1023400e+003	
  9.7700000e+000	 -6.1560001e+001	 -1.1004100e+003	
  1.1380000e+001	 -6.1490002e+001	 -1.0991300e+003	
  1.3000000e+001	 -6.1459999e+001	 -1.0984399e+003	
  1.4620000e+001	 -6.1439999e+001	 -1.0981400e+003	
  1.6240000e+001	 -6.1439999e+001	 -1.0980900e+003	
  1.7870001e+001	 -6.1459999e+001	 -1.0985300e+003	
  1.9510000e+001	 -6.1509998e+001	 -1.0994600e+003	
  2.1160000e+001	 -6.1590000e+001	 -1.1010000e+003	
  2.2840000e+001	 -6.1720001e+001	 -1.1032900e+003	
  2.4549999e+001	 -6.1919998e+001	 -1.1070601e+003	
  2.6250000e+001	 -6.2090000e+001	 -1.1102700e+003	
  2.7969999e+001	 -6.2259998e+001	 -1.1135000e+003	
  2.9690001e+001	 -6.2419998e+001	 -1.1165000e+003	
  3.1400000e+001	 -6.2540001e+001	 -1.1187600e+003	
 -1.6500000e+000	 -6.4099998e+001	 -1.1172900e+003	
  1.0000000e-002	 -6.4010002e+001	 -1.1155300e+003	
  1.6500000e+000	 -6.3889999e+001	 -1.1133900e+003	
  3.2900000e+000	 -6.3730000e+001	 -1.1104399e+003	
  4.9100000e+000	 -6.3560001e+001	 -1.1073700e+003	
  6.5300000e+000	 -6.3389999e+001	 -1.1042200e+003	
  8.1500000e+000	 -6.3250000e+001	 -1.1017200e+003	
  9.7600000e+000	 -6.3160000e+001	 -1.1000699e+003	
  1.1380000e+001	 -6.3099998e+001	 -1.0989600e+003	
  1.2990000e+001	 -6.3060001e+001	 -1.0981500e+003	
  1.4610000e+001	 -6.3040001e+001	 -1.0978101e+003	
  1.6240000e+001	 -6.3049999e+001	 -1.0979301e+003	
  1.7870001e+001	 -6.3070000e+001	 -1.0982800e+003	
  1.9510000e+001	 -6.3119999e+001	 -1.0992000e+003	
  2.1160000e+001	 -6.3200001e+001	 -1.1006500e+003	
  2.2830000e+001	 -6.3310001e+001	 -1.1027800e+003	
  2.4540001e+001	 -6.3540001e+001	 -1.1069000e+003	
  2.6260000e+001	 -6.3740002e+001	 -1.1105900e+003	
  2.7969999e+001	 -6.3889999e+001	 -1.1134700e+003	
  2.9690001e+001	 -6.4050003e+001	 -1.1163600e+003	
  3.1410000e+001	 -6.4199997e+001	 -1.1190699e+003	
 -1.6500000e+000	 -6.5779999e+001	 -1.1179301e+003	
  1.0000000e-002	 -6.5680000e+001	 -1.1160200e+003	
  1.6500000e+000	 -6.5529999e+001	 -1.1133700e+003	
  3.2900000e+000	 -6.5360001e+001	 -1.1103800e+003	
  4.9100000e+000	 -6.5160004e+001	 -1.1068700e+003	
  6.5300000e+000	 -6.4980003e+001	 -1.1036200e+003	
  8.1400000e+000	 -6.4839996e+001	 -1.1010800e+003	
  9.7600000e+000	 -6.4760002e+001	 -1.0996100e+003	
  1.1380000e+001	 -6.4709999e+001	 -1.0986400e+003	
  1.2990000e+001	 -6.4660004e+001	 -1.0979000e+003	
  1.4610000e+001	 -6.4650002e+001	 -1.0976100e+003	
  1.6230000e+001	 -6.4650002e+001	 -1.0976500e+003	
  1.7870001e+001	 -6.4680000e+001	 -1.0981600e+003	
  1.9500000e+001	 -6.4730003e+001	 -1.0990300e+003	
  2.1150000e+001	 -6.4809998e+001	 -1.1004200e+003	
  2.2830000e+001	 -6.4940002e+001	 -1.1027800e+003	
  2.4540001e+001	 -6.5169998e+001	 -1.1069399e+003	
  2.6260000e+001	 -6.5379997e+001	 -1.1107000e+003	
  2.7980000e+001	 -6.5559998e+001	 -1.1139100e+003	
  2.9700001e+001	 -6.5720001e+001	 -1.1168600e+003	
  3.1420000e+001	 -6.5879997e+001	 -1.1195800e+003	
 -1.6500000e+000	 -6.7449997e+001	 -1.1183101e+003	
  1.0000000e-002	 -6.7330002e+001	 -1.1161500e+003	
  1.6500000e+000	 -6.7199997e+001	 -1.1138900e+003	
  3.2900000e+000	 -6.6989998e+001	 -1.1103300e+003	
  4.9100000e+000	 -6.6739998e+001	 -1.1059000e+003	
  6.5200000e+000	 -6.6550003e+001	 -1.1025699e+003	
  8.1400000e+000	 -6.6430000e+001	 -1.1004800e+003	
  9.7600000e+000	 -6.6349998e+001	 -1.0991700e+003	
  1.1370000e+001	 -6.6300003e+001	 -1.0981700e+003	
  1.2990000e+001	 -6.6269997e+001	 -1.0976700e+003	
  1.4610000e+001	 -6.6260002e+001	 -1.0974500e+003	
  1.6230000e+001	 -6.6260002e+001	 -1.0974700e+003	
  1.7860001e+001	 -6.6279999e+001	 -1.0978700e+003	
  1.9500000e+001	 -6.6330002e+001	 -1.0986600e+003	
  2.1150000e+001	 -6.6400002e+001	 -1.0999600e+003	
  2.2809999e+001	 -6.6529999e+001	 -1.1021600e+003	
  2.4530001e+001	 -6.6769997e+001	 -1.1064301e+003	
  2.6280001e+001	 -6.7050003e+001	 -1.1113101e+003	
  2.8000000e+001	 -6.7230003e+001	 -1.1145100e+003	
  2.9719999e+001	 -6.7410004e+001	 -1.1176000e+003	
  3.1450001e+001	 -6.7580002e+001	 -1.1206200e+003	
 -3.3100000e+000	 -6.9230003e+001	 -1.1206300e+003	
 -1.6500000e+000	 -6.9110001e+001	 -1.1186400e+003	
  1.0000000e-002	 -6.8989998e+001	 -1.1165300e+003	
  1.6500000e+000	 -6.8870003e+001	 -1.1144000e+003	
  3.2900000e+000	 -6.8610001e+001	 -1.1100200e+003	
  4.9100000e+000	 -6.8330002e+001	 -1.1051899e+003	
  6.5200000e+000	 -6.8120003e+001	 -1.1016700e+003	
  8.1400000e+000	 -6.8019997e+001	 -1.0999600e+003	
  9.7500000e+000	 -6.7949997e+001	 -1.0987200e+003	
  1.1370000e+001	 -6.7889999e+001	 -1.0977100e+003	
  1.2980000e+001	 -6.7860001e+001	 -1.0972600e+003	
  1.4610000e+001	 -6.7860001e+001	 -1.0972100e+003	
  1.6230000e+001	 -6.7870003e+001	 -1.0973800e+003	
  1.7860001e+001	 -6.7889999e+001	 -1.0977400e+003	
  1.9490000e+001	 -6.7930000e+001	 -1.0984301e+003	
  2.1139999e+001	 -6.8000000e+001	 -1.0995500e+003	
  2.2799999e+001	 -6.8120003e+001	 -1.1016100e+003	
  2.4530001e+001	 -6.8379997e+001	 -1.1061000e+003	
  2.6290001e+001	 -6.8709999e+001	 -1.1117500e+003	
  2.8010000e+001	 -6.8910004e+001	 -1.1151600e+003	
  2.9740000e+001	 -6.9089996e+001	 -1.1182600e+003	
  3.1480000e+001	 -6.9279999e+001	 -1.1215000e+003	
  3.3189999e+001	 -6.9400002e+001	 -1.1234500e+003	
 -3.3100000e+000	 -7.0940002e+001	 -1.1215800e+003	
 -1.6500000e+000	 -7.0830002e+001	 -1.1198900e+003	
  1.0000000e-002	 -7.0699997e+001	 -1.1176801e+003	
  1.6500000e+000	 -7.0519997e+001	 -1.1147100e+003	
  3.2800000e+000	 -7.0220001e+001	 -1.1096801e+003	
  4.9000000e+000	 -6.9860001e+001	 -1.1036400e+003	
  6.5200000e+000	 -6.9699997e+001	 -1.1009200e+003	
  8.1300000e+000	 -6.9599998e+001	 -1.0994000e+003	
  9.7500000e+000	 -6.9540001e+001	 -1.0983000e+003	
  1.1360000e+001	 -6.9489998e+001	 -1.0975100e+003	
  1.2980000e+001	 -6.9470001e+001	 -1.0970900e+003	
  1.4600000e+001	 -6.9459999e+001	 -1.0969500e+003	
  1.6219999e+001	 -6.9459999e+001	 -1.0969500e+003	
  1.7850000e+001	 -6.9480003e+001	 -1.0972800e+003	
  1.9490000e+001	 -6.9519997e+001	 -1.0980100e+003	
  2.1129999e+001	 -6.9589996e+001	 -1.0991000e+003	
  2.2790001e+001	 -6.9699997e+001	 -1.1010100e+003	
  2.4510000e+001	 -6.9949997e+001	 -1.1050900e+003	
  2.6299999e+001	 -7.0370003e+001	 -1.1121100e+003	
  2.8030001e+001	 -7.0599998e+001	 -1.1160100e+003	
  2.9750000e+001	 -7.0769997e+001	 -1.1188800e+003	
  3.1500000e+001	 -7.0980003e+001	 -1.1222700e+003	
  3.3209999e+001	 -7.1099998e+001	 -1.1242500e+003	
 -3.3100000e+000	 -7.2690002e+001	 -1.1233400e+003	
 -1.6500000e+000	 -7.2529999e+001	 -1.1207500e+003	
  1.0000000e-002	 -7.2370003e+001	 -1.1181300e+003	
  1.6500000e+000	 -7.2180000e+001	 -1.1149900e+003	
  3.2800000e+000	 -7.1809998e+001	 -1.1088900e+003	
  4.8900000e+000	 -7.1400002e+001	 -1.1022500e+003	
  6.5100000e+000	 -7.1260002e+001	 -1.0999500e+003	
  8.1300000e+000	 -7.1180000e+001	 -1.0986400e+003	
  9.7400000e+000	 -7.1110001e+001	 -1.0975699e+003	
  1.1360000e+001	 -7.1080002e+001	 -1.0970000e+003	
  1.2980000e+001	 -7.1059998e+001	 -1.0966600e+003	
  1.4600000e+001	 -7.1050003e+001	 -1.0965000e+003	
  1.6219999e+001	 -7.1050003e+001	 -1.0965300e+003	
  1.7840000e+001	 -7.1070000e+001	 -1.0968199e+003	
  1.9480000e+001	 -7.1110001e+001	 -1.0975200e+003	
  2.1120001e+001	 -7.1169998e+001	 -1.0985500e+003	
  2.2780001e+001	 -7.1279999e+001	 -1.1002300e+003	
  2.4490000e+001	 -7.1529999e+001	 -1.1043000e+003	
  2.6299999e+001	 -7.2019997e+001	 -1.1123199e+003	
  2.8049999e+001	 -7.2290001e+001	 -1.1167100e+003	
  2.9780001e+001	 -7.2480003e+001	 -1.1198700e+003	
  3.1530001e+001	 -7.2720001e+001	 -1.1237000e+003	
  3.3250000e+001	 -7.2830002e+001	 -1.1256100e+003	
 -4.9800000e+000	 -7.4440002e+001	 -1.1249000e+003	
 -3.3200000e+000	 -7.4430000e+001	 -1.1246300e+003	
 -1.6500000e+000	 -7.4199997e+001	 -1.1210300e+003	
  1.0000000e-002	 -7.3959999e+001	 -1.1171899e+003	
  1.6500000e+000	 -7.3790001e+001	 -1.1144500e+003	
  3.2800000e+000	 -7.3320000e+001	 -1.1070000e+003	
  4.8900000e+000	 -7.2919998e+001	 -1.1006600e+003	
  6.5100000e+000	 -7.2830002e+001	 -1.0991899e+003	
  8.1200000e+000	 -7.2760002e+001	 -1.0981000e+003	
  9.7400000e+000	 -7.2690002e+001	 -1.0970000e+003	
  1.1350000e+001	 -7.2660004e+001	 -1.0964100e+003	
  1.2970000e+001	 -7.2639999e+001	 -1.0961801e+003	
  1.4590000e+001	 -7.2639999e+001	 -1.0961300e+003	
  1.6209999e+001	 -7.2639999e+001	 -1.0961500e+003	
  1.7840000e+001	 -7.2650002e+001	 -1.0963199e+003	
  1.9469999e+001	 -7.2690002e+001	 -1.0969600e+003	
  2.1110001e+001	 -7.2750000e+001	 -1.0979301e+003	
  2.2760000e+001	 -7.2839996e+001	 -1.0993600e+003	
  2.4469999e+001	 -7.3080002e+001	 -1.1031899e+003	
  2.6290001e+001	 -7.3629997e+001	 -1.1119000e+003	
  2.8040001e+001	 -7.3900002e+001	 -1.1162900e+003	
  2.9760000e+001	 -7.4089996e+001	 -1.1191801e+003	
  3.1559999e+001	 -7.4430000e+001	 -1.1247300e+003	
  3.3290001e+001	 -7.4589996e+001	 -1.1272600e+003	
 -4.9800000e+000	 -7.6190002e+001	 -1.1263101e+003	
 -3.3200000e+000	 -7.6139999e+001	 -1.1255100e+003	
 -1.6500000e+000	 -7.5830002e+001	 -1.1207400e+003	
  1.0000000e-002	 -7.5529999e+001	 -1.1160699e+003	
  1.6500000e+000	 -7.5239998e+001	 -1.1114800e+003	
  3.2700000e+000	 -7.4769997e+001	 -1.1042600e+003	
  4.8800000e+000	 -7.4489998e+001	 -1.0999100e+003	
  6.5000000e+000	 -7.4400002e+001	 -1.0984700e+003	
  8.1200000e+000	 -7.4330002e+001	 -1.0973700e+003	
  9.7300000e+000	 -7.4279999e+001	 -1.0965400e+003	
  1.1350000e+001	 -7.4260002e+001	 -1.0961801e+003	
  1.2970000e+001	 -7.4239998e+001	 -1.0959600e+003	
  1.4590000e+001	 -7.4230003e+001	 -1.0958199e+003	
  1.6209999e+001	 -7.4230003e+001	 -1.0957300e+003	
  1.7830000e+001	 -7.4230003e+001	 -1.0958101e+003	
  1.9459999e+001	 -7.4269997e+001	 -1.0964100e+003	
  2.1100000e+001	 -7.4339996e+001	 -1.0974399e+003	
  2.2740000e+001	 -7.4400002e+001	 -1.0984900e+003	
  2.4420000e+001	 -7.4580002e+001	 -1.1012400e+003	
  2.6230000e+001	 -7.5080002e+001	 -1.1090699e+003	
  2.7980000e+001	 -7.5379997e+001	 -1.1137200e+003	
  2.9730000e+001	 -7.5650002e+001	 -1.1179100e+003	
  3.1559999e+001	 -7.6089996e+001	 -1.1247300e+003	
  3.3330002e+001	 -7.6339996e+001	 -1.1286600e+003	
 -4.9900000e+000	 -7.7930000e+001	 -1.1276600e+003	
 -3.3200000e+000	 -7.7820000e+001	 -1.1258500e+003	
 -1.6500000e+000	 -7.7379997e+001	 -1.1191700e+003	
  1.0000000e-002	 -7.6980003e+001	 -1.1131600e+003	
  1.6400000e+000	 -7.6620003e+001	 -1.1076200e+003	
  3.2600000e+000	 -7.6250000e+001	 -1.1020500e+003	
  4.8800000e+000	 -7.6070000e+001	 -1.0992500e+003	
  6.5000000e+000	 -7.5989998e+001	 -1.0979399e+003	
  8.1200000e+000	 -7.5919998e+001	 -1.0970000e+003	
  9.7300000e+000	 -7.5870003e+001	 -1.0962400e+003	
  1.1350000e+001	 -7.5839996e+001	 -1.0956899e+003	
  1.2960000e+001	 -7.5820000e+001	 -1.0953600e+003	
  1.4580000e+001	 -7.5809998e+001	 -1.0952200e+003	
  1.6200001e+001	 -7.5809998e+001	 -1.0953000e+003	
  1.7830000e+001	 -7.5830002e+001	 -1.0955400e+003	
  1.9450001e+001	 -7.5849998e+001	 -1.0959000e+003	
  2.1090000e+001	 -7.5910004e+001	 -1.0967700e+003	
  2.2730000e+001	 -7.5989998e+001	 -1.0980000e+003	
  2.4400000e+001	 -7.6139999e+001	 -1.1002800e+003	
  2.6190001e+001	 -7.6599998e+001	 -1.1073600e+003	
  2.7930000e+001	 -7.6879997e+001	 -1.1115200e+003	
  2.9680000e+001	 -7.7180000e+001	 -1.1161400e+003	
  3.1549999e+001	 -7.7720001e+001	 -1.1243800e+003	
  3.3360001e+001	 -7.8059998e+001	 -1.1295699e+003	
 -4.9900000e+000	 -7.9639999e+001	 -1.1283700e+003	
 -3.3200000e+000	 -7.9470001e+001	 -1.1257600e+003	
 -1.6500000e+000	 -7.8900002e+001	 -1.1172900e+003	
  1.0000000e-002	 -7.8410004e+001	 -1.1100500e+003	
  1.6400000e+000	 -7.8120003e+001	 -1.1056801e+003	
  3.2600000e+000	 -7.7790001e+001	 -1.1008000e+003	
  4.8800000e+000	 -7.7669998e+001	 -1.0989200e+003	
  6.5000000e+000	 -7.7589996e+001	 -1.0977500e+003	
  8.1100000e+000	 -7.7519997e+001	 -1.0967400e+003	
  9.7300000e+000	 -7.7459999e+001	 -1.0958700e+003	
  1.1340000e+001	 -7.7430000e+001	 -1.0953300e+003	
  1.2960000e+001	 -7.7400002e+001	 -1.0949301e+003	
  1.4580000e+001	 -7.7389999e+001	 -1.0948400e+003	
  1.6190001e+001	 -7.7389999e+001	 -1.0948199e+003	
  1.7820000e+001	 -7.7410004e+001	 -1.0950601e+003	
  1.9440001e+001	 -7.7440002e+001	 -1.0955000e+003	
  2.1080000e+001	 -7.7500000e+001	 -1.0964100e+003	
  2.2730000e+001	 -7.7580002e+001	 -1.0976500e+003	
  2.4389999e+001	 -7.7709999e+001	 -1.0994900e+003	
  2.6129999e+001	 -7.8059998e+001	 -1.1048199e+003	
  2.7879999e+001	 -7.8389999e+001	 -1.1096801e+003	
  2.9639999e+001	 -7.8690002e+001	 -1.1142500e+003	
  3.1540001e+001	 -7.9349998e+001	 -1.1239900e+003	
  3.3369999e+001	 -7.9760002e+001	 -1.1301000e+003	
 -5.0000000e+000	 -8.1339996e+001	 -1.1289900e+003	
 -3.3200000e+000	 -8.1099998e+001	 -1.1254399e+003	
 -1.6400000e+000	 -8.0370003e+001	 -1.1147100e+003	
  1.0000000e-002	 -7.9889999e+001	 -1.1077600e+003	
  1.6400000e+000	 -7.9620003e+001	 -1.1038300e+003	
  3.2600000e+000	 -7.9400002e+001	 -1.1005900e+003	
  4.8800000e+000	 -7.9269997e+001	 -1.0987400e+003	
  6.5000000e+000	 -7.9180000e+001	 -1.0974100e+003	
  8.1100000e+000	 -7.9110001e+001	 -1.0964100e+003	
  9.7300000e+000	 -7.9059998e+001	 -1.0955699e+003	
  1.1340000e+001	 -7.9029999e+001	 -1.0951899e+003	
  1.2960000e+001	 -7.9019997e+001	 -1.0950400e+003	
  1.4580000e+001	 -7.9010002e+001	 -1.0949000e+003	
  1.6200001e+001	 -7.9010002e+001	 -1.0949100e+003	
  1.7820000e+001	 -7.9019997e+001	 -1.0951000e+003	
  1.9450001e+001	 -7.9059998e+001	 -1.0956300e+003	
  2.1080000e+001	 -7.9120003e+001	 -1.0964399e+003	
  2.2719999e+001	 -7.9190002e+001	 -1.0975200e+003	
  2.4379999e+001	 -7.9290001e+001	 -1.0989399e+003	
  2.6100000e+001	 -7.9599998e+001	 -1.1035300e+003	
  2.7870001e+001	 -7.9980003e+001	 -1.1090200e+003	
  2.9590000e+001	 -8.0199997e+001	 -1.1123300e+003	
  3.1520000e+001	 -8.0940002e+001	 -1.1231300e+003	
  3.3389999e+001	 -8.1449997e+001	 -1.1305800e+003	
 -5.0000000e+000	 -8.3019997e+001	 -1.1292800e+003	
 -3.3200000e+000	 -8.2790001e+001	 -1.1260000e+003	
 -1.6400000e+000	 -8.1989998e+001	 -1.1144200e+003	
  1.0000000e-002	 -8.1489998e+001	 -1.1073101e+003	
  1.6400000e+000	 -8.1250000e+001	 -1.1038700e+003	
  3.2600000e+000	 -8.1029999e+001	 -1.1006801e+003	
  4.8800000e+000	 -8.0889999e+001	 -1.0986700e+003	
  6.5000000e+000	 -8.0800003e+001	 -1.0974399e+003	
  8.1100000e+000	 -8.0739998e+001	 -1.0965300e+003	
  9.7300000e+000	 -8.0680000e+001	 -1.0957100e+003	
  1.1340000e+001	 -8.0639999e+001	 -1.0951700e+003	
  1.2960000e+001	 -8.0629997e+001	 -1.0949600e+003	
  1.4580000e+001	 -8.0629997e+001	 -1.0949301e+003	
  1.6200001e+001	 -8.0629997e+001	 -1.0950300e+003	
  1.7820000e+001	 -8.0650002e+001	 -1.0952700e+003	
  1.9450001e+001	 -8.0690002e+001	 -1.0958300e+003	
  2.1080000e+001	 -8.0739998e+001	 -1.0965500e+003	
  2.2719999e+001	 -8.0800003e+001	 -1.0975000e+003	
  2.4379999e+001	 -8.0919998e+001	 -1.0992000e+003	
  2.6090000e+001	 -8.1190002e+001	 -1.1030400e+003	
  2.7850000e+001	 -8.1559998e+001	 -1.1083400e+003	
  2.9580000e+001	 -8.1830002e+001	 -1.1121700e+003	
  3.1530001e+001	 -8.2629997e+001	 -1.1236200e+003	
  3.3389999e+001	 -8.3120003e+001	 -1.1307500e+003	
 -5.0000000e+000	 -8.4680000e+001	 -1.1292200e+003	
 -3.3200000e+000	 -8.4529999e+001	 -1.1271300e+003	
 -1.6500000e+000	 -8.3839996e+001	 -1.1173700e+003	
  1.0000000e-002	 -8.3160004e+001	 -1.1079301e+003	
  1.6400000e+000	 -8.2900002e+001	 -1.1042300e+003	
  3.2600000e+000	 -8.2680000e+001	 -1.1010800e+003	
  4.8800000e+000	 -8.2529999e+001	 -1.0990699e+003	
  6.5000000e+000	 -8.2430000e+001	 -1.0975800e+003	
  8.1100000e+000	 -8.2349998e+001	 -1.0965100e+003	
  9.7300000e+000	 -8.2309998e+001	 -1.0958900e+003	
  1.1340000e+001	 -8.2279999e+001	 -1.0954600e+003	
  1.2960000e+001	 -8.2250000e+001	 -1.0951500e+003	
  1.4580000e+001	 -8.2260002e+001	 -1.0951700e+003	
  1.6200001e+001	 -8.2260002e+001	 -1.0952700e+003	
  1.7820000e+001	 -8.2269997e+001	 -1.0953500e+003	
  1.9450001e+001	 -8.2300003e+001	 -1.0958199e+003	
  2.1090000e+001	 -8.2370003e+001	 -1.0967300e+003	
  2.2730000e+001	 -8.2459999e+001	 -1.0980300e+003	
  2.4400000e+001	 -8.2599998e+001	 -1.0999500e+003	
  2.6100000e+001	 -8.2849998e+001	 -1.1034900e+003	
  2.7850000e+001	 -8.3199997e+001	 -1.1084000e+003	
  2.9620001e+001	 -8.3550003e+001	 -1.1134399e+003	
  3.1570000e+001	 -8.4370003e+001	 -1.1249399e+003	
  3.3400002e+001	 -8.4809998e+001	 -1.1310699e+003	
 -5.0000000e+000	 -8.6330002e+001	 -1.1291200e+003	
 -3.3300000e+000	 -8.6239998e+001	 -1.1278500e+003	
 -1.6500000e+000	 -8.5830002e+001	 -1.1222400e+003	
  1.0000000e-002	 -8.4919998e+001	 -1.1097100e+003	
  1.6400000e+000	 -8.4610001e+001	 -1.1053500e+003	
  3.2600000e+000	 -8.4400002e+001	 -1.1025000e+003	
  4.8800000e+000	 -8.4220001e+001	 -1.0999500e+003	
  6.5000000e+000	 -8.4089996e+001	 -1.0981600e+003	
  8.1200000e+000	 -8.4010002e+001	 -1.0971400e+003	
  9.7300000e+000	 -8.3949997e+001	 -1.0962800e+003	
  1.1350000e+001	 -8.3919998e+001	 -1.0958400e+003	
  1.2970000e+001	 -8.3910004e+001	 -1.0956899e+003	
  1.4590000e+001	 -8.3910004e+001	 -1.0956899e+003	
  1.6209999e+001	 -8.3910004e+001	 -1.0957500e+003	
  1.7830000e+001	 -8.3930000e+001	 -1.0959600e+003	
  1.9459999e+001	 -8.3959999e+001	 -1.0964200e+003	
  2.1100000e+001	 -8.4019997e+001	 -1.0973300e+003	
  2.2750000e+001	 -8.4129997e+001	 -1.0987900e+003	
  2.4420000e+001	 -8.4290001e+001	 -1.1010200e+003	
  2.6139999e+001	 -8.4570000e+001	 -1.1049200e+003	
  2.7900000e+001	 -8.4970001e+001	 -1.1103300e+003	
  2.9730000e+001	 -8.5519997e+001	 -1.1179500e+003	
  3.1650000e+001	 -8.6250000e+001	 -1.1280200e+003	
  3.3400002e+001	 -8.6480003e+001	 -1.1311400e+003	
 -5.0000000e+000	 -8.8019997e+001	 -1.1294600e+003	
 -3.3300000e+000	 -8.7900002e+001	 -1.1278400e+003	
 -1.6600000e+000	 -8.7680000e+001	 -1.1249600e+003	
  1.0000000e-002	 -8.7040001e+001	 -1.1162400e+003	
  1.6400000e+000	 -8.6360001e+001	 -1.1070200e+003	
  3.2700000e+000	 -8.6139999e+001	 -1.1040900e+003	
  4.8900000e+000	 -8.5970001e+001	 -1.1017900e+003	
  6.5100000e+000	 -8.5790001e+001	 -1.0993800e+003	
  8.1200000e+000	 -8.5680000e+001	 -1.0978800e+003	
  9.7400000e+000	 -8.5620003e+001	 -1.0970800e+003	
  1.1360000e+001	 -8.5589996e+001	 -1.0967000e+003	
  1.2980000e+001	 -8.5580002e+001	 -1.0964700e+003	
  1.4600000e+001	 -8.5570000e+001	 -1.0963500e+003	
  1.6219999e+001	 -8.5580002e+001	 -1.0964800e+003	
  1.7850000e+001	 -8.5610001e+001	 -1.0969200e+003	
  1.9480000e+001	 -8.5660004e+001	 -1.0975500e+003	
  2.1120001e+001	 -8.5730003e+001	 -1.0984800e+003	
  2.2770000e+001	 -8.5849998e+001	 -1.1001300e+003	
  2.4459999e+001	 -8.6070000e+001	 -1.1031100e+003	
  2.6200001e+001	 -8.6410004e+001	 -1.1078101e+003	
  2.7980000e+001	 -8.6860001e+001	 -1.1137700e+003	
  2.9879999e+001	 -8.7610001e+001	 -1.1240200e+003	
  3.1670000e+001	 -8.7970001e+001	 -1.1288000e+003	
  3.3389999e+001	 -8.8110001e+001	 -1.1308000e+003	
 -3.3300000e+000	 -8.9580002e+001	 -1.1282300e+003	
 -1.6600000e+000	 -8.9379997e+001	 -1.1255300e+003	
  1.0000000e-002	 -8.9040001e+001	 -1.1210400e+003	
  1.6500000e+000	 -8.8480003e+001	 -1.1135400e+003	
  3.2700000e+000	 -8.7919998e+001	 -1.1060900e+003	
  4.9000000e+000	 -8.7739998e+001	 -1.1036899e+003	
  6.5200000e+000	 -8.7580002e+001	 -1.1016300e+003	
  8.1300000e+000	 -8.7440002e+001	 -1.0998300e+003	
  9.7500000e+000	 -8.7360001e+001	 -1.0986899e+003	
  1.1370000e+001	 -8.7300003e+001	 -1.0979301e+003	
  1.2990000e+001	 -8.7269997e+001	 -1.0975200e+003	
  1.4610000e+001	 -8.7269997e+001	 -1.0974700e+003	
  1.6240000e+001	 -8.7290001e+001	 -1.0977800e+003	
  1.7870001e+001	 -8.7339996e+001	 -1.0984100e+003	
  1.9510000e+001	 -8.7400002e+001	 -1.0992300e+003	
  2.1160000e+001	 -8.7500000e+001	 -1.1006200e+003	
  2.2830000e+001	 -8.7680000e+001	 -1.1029500e+003	
  2.4549999e+001	 -8.7980003e+001	 -1.1070100e+003	
  2.6330000e+001	 -8.8480003e+001	 -1.1135601e+003	
  2.8139999e+001	 -8.8989998e+001	 -1.1203400e+003	
  2.9930000e+001	 -8.9400002e+001	 -1.1257600e+003	
  3.1660000e+001	 -8.9610001e+001	 -1.1285601e+003	
  3.3389999e+001	 -8.9779999e+001	 -1.1308500e+003	
 -3.3300000e+000	 -9.1269997e+001	 -1.1286300e+003	
 -1.6600000e+000	 -9.1129997e+001	 -1.1267100e+003	
  1.0000000e-002	 -9.0919998e+001	 -1.1240601e+003	
  1.6600000e+000	 -9.0629997e+001	 -1.1201801e+003	
  3.3000000e+000	 -9.0129997e+001	 -1.1136600e+003	
  4.9200000e+000	 -8.9720001e+001	 -1.1083700e+003	
  6.5300000e+000	 -8.9339996e+001	 -1.1034800e+003	
  8.1500000e+000	 -8.9230003e+001	 -1.1019500e+003	
  9.7700000e+000	 -8.9129997e+001	 -1.1007100e+003	
  1.1390000e+001	 -8.9059998e+001	 -1.0997700e+003	
  1.3010000e+001	 -8.9019997e+001	 -1.0992600e+003	
  1.4630000e+001	 -8.9029999e+001	 -1.0993500e+003	
  1.6260000e+001	 -8.9059998e+001	 -1.0998199e+003	
  1.7900000e+001	 -8.9120003e+001	 -1.1005601e+003	
  1.9559999e+001	 -8.9250000e+001	 -1.1022200e+003	
  2.1219999e+001	 -8.9400002e+001	 -1.1042100e+003	
  2.2940001e+001	 -8.9730003e+001	 -1.1085601e+003	
  2.4680000e+001	 -9.0099998e+001	 -1.1133199e+003	
  2.6459999e+001	 -9.0550003e+001	 -1.1192300e+003	
  2.8219999e+001	 -9.0910004e+001	 -1.1238400e+003	
  2.9950001e+001	 -9.1139999e+001	 -1.1268700e+003	
  3.1690001e+001	 -9.1339996e+001	 -1.1294700e+003	
 -1.6600000e+000	 -9.2860001e+001	 -1.1277400e+003	
  1.0000000e-002	 -9.2739998e+001	 -1.1261000e+003	
  1.6600000e+000	 -9.2540001e+001	 -1.1235800e+003	
  3.3100000e+000	 -9.2220001e+001	 -1.1195300e+003	
  4.9400000e+000	 -9.1690002e+001	 -1.1127000e+003	
  6.5600000e+000	 -9.1400002e+001	 -1.1090400e+003	
  8.1800000e+000	 -9.1180000e+001	 -1.1062100e+003	
  9.7800000e+000	 -9.0900002e+001	 -1.1026100e+003	
  1.1410000e+001	 -9.0849998e+001	 -1.1019800e+003	
  1.3040000e+001	 -9.0839996e+001	 -1.1018300e+003	
  1.4670000e+001	 -9.0849998e+001	 -1.1019500e+003	
  1.6299999e+001	 -9.0870003e+001	 -1.1022600e+003	
  1.7940001e+001	 -9.0940002e+001	 -1.1031700e+003	
  1.9639999e+001	 -9.1239998e+001	 -1.1069600e+003	
  2.1320000e+001	 -9.1459999e+001	 -1.1097500e+003	
  2.3040001e+001	 -9.1769997e+001	 -1.1137200e+003	
  2.4790001e+001	 -9.2150002e+001	 -1.1186100e+003	
  2.6549999e+001	 -9.2519997e+001	 -1.1233199e+003	
  2.8280001e+001	 -9.2769997e+001	 -1.1265000e+003	
  3.0000000e+001	 -9.2930000e+001	 -1.1286500e+003	
  3.1709999e+001	 -9.3070000e+001	 -1.1304600e+003	
  1.0000000e-002	 -9.4440002e+001	 -1.1266899e+003	
  1.6700000e+000	 -9.4309998e+001	 -1.1250699e+003	
  3.3200000e+000	 -9.4110001e+001	 -1.1225800e+003	
  4.9600000e+000	 -9.3820000e+001	 -1.1189000e+003	
  6.5900000e+000	 -9.3440002e+001	 -1.1141000e+003	
  8.2200000e+000	 -9.3309998e+001	 -1.1125601e+003	
  9.8500000e+000	 -9.3099998e+001	 -1.1098800e+003	
  1.1470000e+001	 -9.2989998e+001	 -1.1084600e+003	
  1.3100000e+001	 -9.2919998e+001	 -1.1076100e+003	
  1.4740000e+001	 -9.2910004e+001	 -1.1075200e+003	
  1.6379999e+001	 -9.2949997e+001	 -1.1080100e+003	
  1.8030001e+001	 -9.3029999e+001	 -1.1090500e+003	
  1.9709999e+001	 -9.3220001e+001	 -1.1114000e+003	
  2.1389999e+001	 -9.3360001e+001	 -1.1132000e+003	
  2.3129999e+001	 -9.3750000e+001	 -1.1180400e+003	
  2.4870001e+001	 -9.4110001e+001	 -1.1225601e+003	
  2.6600000e+001	 -9.4349998e+001	 -1.1255699e+003	
  2.8309999e+001	 -9.4519997e+001	 -1.1277300e+003	
  3.0020000e+001	 -9.4660004e+001	 -1.1295100e+003	
  1.6700000e+000	 -9.6019997e+001	 -1.1258199e+003	
  3.3300000e+000	 -9.5900002e+001	 -1.1242500e+003	
  4.9800000e+000	 -9.5750000e+001	 -1.1224000e+003	
  6.6200000e+000	 -9.5540001e+001	 -1.1198300e+003	
  8.2500000e+000	 -9.5230003e+001	 -1.1160601e+003	
  9.8600000e+000	 -9.4879997e+001	 -1.1117100e+003	
  1.1510000e+001	 -9.4919998e+001	 -1.1121300e+003	
  1.3150000e+001	 -9.4879997e+001	 -1.1117400e+003	
  1.4790000e+001	 -9.4889999e+001	 -1.1118300e+003	
  1.6440001e+001	 -9.4949997e+001	 -1.1125699e+003	
  1.8100000e+001	 -9.5029999e+001	 -1.1136100e+003	
  1.9799999e+001	 -9.5269997e+001	 -1.1164500e+003	
  2.1500000e+001	 -9.5510002e+001	 -1.1194700e+003	
  2.3209999e+001	 -9.5739998e+001	 -1.1223800e+003	
  2.4920000e+001	 -9.5959999e+001	 -1.1250000e+003	
  2.6629999e+001	 -9.6120003e+001	 -1.1270800e+003	
  2.8340000e+001	 -9.6260002e+001	 -1.1287800e+003	
  3.3300000e+000	 -9.7620003e+001	 -1.1251600e+003	
  4.9800000e+000	 -9.7529999e+001	 -1.1239500e+003	
  6.6400000e+000	 -9.7410004e+001	 -1.1225300e+003	
  8.2800000e+000	 -9.7250000e+001	 -1.1206300e+003	
  9.9200000e+000	 -9.7059998e+001	 -1.1183400e+003	
  1.1540000e+001	 -9.6860001e+001	 -1.1158800e+003	
  1.3180000e+001	 -9.6739998e+001	 -1.1143800e+003	
  1.4830000e+001	 -9.6800003e+001	 -1.1151100e+003	
  1.6500000e+001	 -9.6940002e+001	 -1.1168700e+003	
  1.8190001e+001	 -9.7110001e+001	 -1.1189700e+003	
  1.9870001e+001	 -9.7279999e+001	 -1.1209700e+003	
  2.1559999e+001	 -9.7440002e+001	 -1.1228900e+003	
  2.3250000e+001	 -9.7570000e+001	 -1.1244600e+003	
  2.4950001e+001	 -9.7709999e+001	 -1.1262100e+003	
  2.6650000e+001	 -9.7839996e+001	 -1.1277400e+003	
  2.8350000e+001	 -9.7959999e+001	 -1.1292500e+003	
  3.3300000e+000	 -9.9339996e+001	 -1.1258400e+003	
  4.9900000e+000	 -9.9250000e+001	 -1.1248300e+003	
  6.6400000e+000	 -9.9169998e+001	 -1.1238700e+003	
  8.3000000e+000	 -9.9099998e+001	 -1.1230699e+003	
  9.9500000e+000	 -9.9029999e+001	 -1.1222300e+003	
  1.1600000e+001	 -9.8949997e+001	 -1.1212300e+003	
  1.3240000e+001	 -9.8879997e+001	 -1.1204399e+003	
  1.4900000e+001	 -9.8889999e+001	 -1.1205100e+003	
  1.6570000e+001	 -9.8970001e+001	 -1.1214399e+003	
  1.8240000e+001	 -9.9050003e+001	 -1.1224900e+003	
  1.9910000e+001	 -9.9129997e+001	 -1.1233700e+003	
  2.1590000e+001	 -9.9220001e+001	 -1.1245300e+003	
  2.3280001e+001	 -9.9339996e+001	 -1.1258500e+003	
  2.4969999e+001	 -9.9440002e+001	 -1.1270699e+003	
  2.6660000e+001	 -9.9540001e+001	 -1.1283500e+003	
  6.6500000e+000	 -1.0094000e+002	 -1.1252700e+003	
  8.3100000e+000	 -1.0088000e+002	 -1.1245800e+003	
  9.9600000e+000	 -1.0084000e+002	 -1.1240400e+003	
  1.1620000e+001	 -1.0080000e+002	 -1.1236300e+003	
  1.3280000e+001	 -1.0078000e+002	 -1.1234100e+003	
  1.4940000e+001	 -1.0078000e+002	 -1.1233600e+003	
  1.6600000e+001	 -1.0081000e+002	 -1.1237200e+003	
  1.8270000e+001	 -1.0086000e+002	 -1.1242700e+003	
  1.9940001e+001	 -1.0091000e+002	 -1.1249000e+003	
  2.1620001e+001	 -1.0099000e+002	 -1.1258400e+003	
  2.3299999e+001	 -1.0108000e+002	 -1.1269399e+003	
  9.9800000e+000	 -1.0263000e+002	 -1.1256300e+003	
  1.1640000e+001	 -1.0259000e+002	 -1.1252300e+003	
  1.3300000e+001	 -1.0258000e+002	 -1.1250699e+003	
  1.4960000e+001	 -1.0259000e+002	 -1.1252300e+003	
  1.6629999e+001	 -1.0264000e+002	 -1.1257700e+003	
  1.8299999e+001	 -1.0269000e+002	 -1.1263700e+003	
  1.9969999e+001	 -1.0275000e+002	 -1.1270200e+003	
  2.1650000e+001	 -1.0283000e+002	 -1.1280100e+003	
