  2.7000000e+000	  3.2240002e+001	 -9.0295001e+002	
  4.0500000e+000	  3.2240002e+001	 -9.0289001e+002	
  5.4000000e+000	  3.2240002e+001	 -9.0289001e+002	
  6.7500000e+000	  3.2240002e+001	 -9.0284003e+002	
  8.1000000e+000	  3.2240002e+001	 -9.0288000e+002	
  9.4400000e+000	  3.2240002e+001	 -9.0288000e+002	
  1.0800000e+001	  3.2240002e+001	 -9.0306000e+002	
  1.2140000e+001	  3.2250000e+001	 -9.0309998e+002	
  1.3490000e+001	  3.2250000e+001	 -9.0321002e+002	
  1.4850000e+001	  3.2259998e+001	 -9.0338000e+002	
  1.6200001e+001	  3.2259998e+001	 -9.0356000e+002	
  1.7549999e+001	  3.2270000e+001	 -9.0370001e+002	
  1.8900000e+001	  3.2270000e+001	 -9.0377002e+002	
  1.3500000e+000	  3.0900000e+001	 -9.0304999e+002	
  2.7000000e+000	  3.0900000e+001	 -9.0292999e+002	
  4.0500000e+000	  3.0889999e+001	 -9.0282001e+002	
  5.4000000e+000	  3.0889999e+001	 -9.0275000e+002	
  6.7500000e+000	  3.0889999e+001	 -9.0272998e+002	
  8.1000000e+000	  3.0889999e+001	 -9.0281000e+002	
  9.4400000e+000	  3.0889999e+001	 -9.0287000e+002	
  1.0790000e+001	  3.0900000e+001	 -9.0292999e+002	
  1.2140000e+001	  3.0900000e+001	 -9.0296997e+002	
  1.3490000e+001	  3.0900000e+001	 -9.0308002e+002	
  1.4840000e+001	  3.0910000e+001	 -9.0317999e+002	
  1.6200001e+001	  3.0910000e+001	 -9.0341998e+002	
  1.7549999e+001	  3.0920000e+001	 -9.0369000e+002	
  1.8910000e+001	  3.0930000e+001	 -9.0396002e+002	
  2.0260000e+001	  3.0940001e+001	 -9.0413000e+002	
  1.0000000e-002	  2.9570000e+001	 -9.0352002e+002	
  1.3500000e+000	  2.9559999e+001	 -9.0321002e+002	
  2.7000000e+000	  2.9559999e+001	 -9.0309003e+002	
  4.0500000e+000	  2.9549999e+001	 -9.0284003e+002	
  5.4000000e+000	  2.9549999e+001	 -9.0269000e+002	
  6.7500000e+000	  2.9540001e+001	 -9.0263000e+002	
  8.0900000e+000	  2.9540001e+001	 -9.0265002e+002	
  9.4400000e+000	  2.9549999e+001	 -9.0271002e+002	
  1.0790000e+001	  2.9549999e+001	 -9.0287000e+002	
  1.2140000e+001	  2.9559999e+001	 -9.0303003e+002	
  1.3490000e+001	  2.9559999e+001	 -9.0317999e+002	
  1.4850000e+001	  2.9570000e+001	 -9.0331000e+002	
  1.6200001e+001	  2.9570000e+001	 -9.0346997e+002	
  1.7549999e+001	  2.9580000e+001	 -9.0381000e+002	
  1.8910000e+001	  2.9590000e+001	 -9.0401001e+002	
  2.0260000e+001	  2.9600000e+001	 -9.0429999e+002	
  1.0000000e-002	  2.8219999e+001	 -9.0345001e+002	
  1.3500000e+000	  2.8219999e+001	 -9.0326001e+002	
  2.7000000e+000	  2.8209999e+001	 -9.0307001e+002	
  4.0500000e+000	  2.8209999e+001	 -9.0284003e+002	
  5.4000000e+000	  2.8209999e+001	 -9.0285999e+002	
  6.7500000e+000	  2.8209999e+001	 -9.0278998e+002	
  8.1000000e+000	  2.8209999e+001	 -9.0285999e+002	
  9.4400000e+000	  2.8209999e+001	 -9.0287000e+002	
  1.0790000e+001	  2.8209999e+001	 -9.0282001e+002	
  1.2140000e+001	  2.8209999e+001	 -9.0302002e+002	
  1.3490000e+001	  2.8219999e+001	 -9.0322998e+002	
  1.4850000e+001	  2.8230000e+001	 -9.0346997e+002	
  1.6200001e+001	  2.8230000e+001	 -9.0356000e+002	
  1.7549999e+001	  2.8240000e+001	 -9.0381000e+002	
  1.8910000e+001	  2.8240000e+001	 -9.0403998e+002	
  2.0260000e+001	  2.8250000e+001	 -9.0440997e+002	
 -1.3400000e+000	  2.6889999e+001	 -9.0390002e+002	
  1.0000000e-002	  2.6889999e+001	 -9.0381000e+002	
  1.3500000e+000	  2.6879999e+001	 -9.0357001e+002	
  2.7000000e+000	  2.6879999e+001	 -9.0329999e+002	
  4.0500000e+000	  2.6870001e+001	 -9.0308002e+002	
  5.4000000e+000	  2.6860001e+001	 -9.0284998e+002	
  6.7500000e+000	  2.6860001e+001	 -9.0276001e+002	
  8.0900000e+000	  2.6860001e+001	 -9.0262000e+002	
  9.4400000e+000	  2.6850000e+001	 -9.0250000e+002	
  1.0790000e+001	  2.6860001e+001	 -9.0271002e+002	
  1.2140000e+001	  2.6870001e+001	 -9.0289001e+002	
  1.3490000e+001	  2.6870001e+001	 -9.0321002e+002	
  1.4850000e+001	  2.6879999e+001	 -9.0339001e+002	
  1.6200001e+001	  2.6889999e+001	 -9.0367999e+002	
  1.7559999e+001	  2.6900000e+001	 -9.0398999e+002	
  1.8910000e+001	  2.6910000e+001	 -9.0437000e+002	
  2.0270000e+001	  2.6920000e+001	 -9.0465002e+002	
  2.1620001e+001	  2.6920000e+001	 -9.0476001e+002	
 -1.3400000e+000	  2.5549999e+001	 -9.0384998e+002	
  1.0000000e-002	  2.5540001e+001	 -9.0375000e+002	
  1.3500000e+000	  2.5540001e+001	 -9.0354999e+002	
  2.7000000e+000	  2.5530001e+001	 -9.0323999e+002	
  4.0500000e+000	  2.5520000e+001	 -9.0303998e+002	
  5.4000000e+000	  2.5520000e+001	 -9.0284003e+002	
  6.7500000e+000	  2.5510000e+001	 -9.0263000e+002	
  8.0900000e+000	  2.5520000e+001	 -9.0266998e+002	
  9.4400000e+000	  2.5520000e+001	 -9.0284003e+002	
  1.0790000e+001	  2.5520000e+001	 -9.0284998e+002	
  1.2140000e+001	  2.5530001e+001	 -9.0307001e+002	
  1.3490000e+001	  2.5530001e+001	 -9.0319000e+002	
  1.4850000e+001	  2.5540001e+001	 -9.0342999e+002	
  1.6200001e+001	  2.5540001e+001	 -9.0371002e+002	
  1.7549999e+001	  2.5549999e+001	 -9.0396997e+002	
  1.8910000e+001	  2.5559999e+001	 -9.0428003e+002	
  2.0270000e+001	  2.5570000e+001	 -9.0450000e+002	
  2.1620001e+001	  2.5570000e+001	 -9.0465002e+002	
 -1.3500000e+000	  2.4209999e+001	 -9.0407001e+002	
  1.0000000e-002	  2.4200001e+001	 -9.0384003e+002	
  1.3500000e+000	  2.4200001e+001	 -9.0367999e+002	
  2.7000000e+000	  2.4190001e+001	 -9.0346002e+002	
  4.0500000e+000	  2.4190001e+001	 -9.0329999e+002	
  5.4000000e+000	  2.4180000e+001	 -9.0301001e+002	
  6.7500000e+000	  2.4180000e+001	 -9.0279999e+002	
  8.0900000e+000	  2.4170000e+001	 -9.0267999e+002	
  9.4400000e+000	  2.4170000e+001	 -9.0271997e+002	
  1.0790000e+001	  2.4170000e+001	 -9.0266998e+002	
  1.2140000e+001	  2.4180000e+001	 -9.0290002e+002	
  1.3490000e+001	  2.4190001e+001	 -9.0320001e+002	
  1.4850000e+001	  2.4190001e+001	 -9.0345001e+002	
  1.6200001e+001	  2.4200001e+001	 -9.0369000e+002	
  1.7559999e+001	  2.4209999e+001	 -9.0401001e+002	
  1.8910000e+001	  2.4219999e+001	 -9.0433002e+002	
  2.0270000e+001	  2.4219999e+001	 -9.0447998e+002	
  2.1620001e+001	  2.4230000e+001	 -9.0477002e+002	
 -1.3500000e+000	  2.2860001e+001	 -9.0417999e+002	
  1.0000000e-002	  2.2860001e+001	 -9.0416998e+002	
  1.3500000e+000	  2.2860001e+001	 -9.0392999e+002	
  2.7000000e+000	  2.2850000e+001	 -9.0369000e+002	
  4.0500000e+000	  2.2840000e+001	 -9.0329999e+002	
  5.4000000e+000	  2.2840000e+001	 -9.0304999e+002	
  6.7500000e+000	  2.2840000e+001	 -9.0303003e+002	
  8.1000000e+000	  2.2830000e+001	 -9.0290002e+002	
  9.4400000e+000	  2.2830000e+001	 -9.0284998e+002	
  1.0790000e+001	  2.2840000e+001	 -9.0297998e+002	
  1.2140000e+001	  2.2840000e+001	 -9.0310999e+002	
  1.3490000e+001	  2.2840000e+001	 -9.0329999e+002	
  1.4850000e+001	  2.2850000e+001	 -9.0357001e+002	
  1.6200001e+001	  2.2860001e+001	 -9.0383002e+002	
  1.7549999e+001	  2.2860001e+001	 -9.0396002e+002	
  1.8910000e+001	  2.2870001e+001	 -9.0427002e+002	
  2.0270000e+001	  2.2879999e+001	 -9.0453003e+002	
  2.1620001e+001	  2.2879999e+001	 -9.0478998e+002	
 -1.3500000e+000	  2.1530001e+001	 -9.0465997e+002	
  1.0000000e-002	  2.1530001e+001	 -9.0447998e+002	
  1.3600000e+000	  2.1520000e+001	 -9.0440002e+002	
  2.7000000e+000	  2.1520000e+001	 -9.0403003e+002	
  4.0500000e+000	  2.1500000e+001	 -9.0352002e+002	
  5.4000000e+000	  2.1500000e+001	 -9.0317999e+002	
  6.7500000e+000	  2.1490000e+001	 -9.0304999e+002	
  8.1000000e+000	  2.1490000e+001	 -9.0294000e+002	
  9.4400000e+000	  2.1490000e+001	 -9.0290997e+002	
  1.0790000e+001	  2.1500000e+001	 -9.0309998e+002	
  1.2140000e+001	  2.1500000e+001	 -9.0322998e+002	
  1.3490000e+001	  2.1500000e+001	 -9.0334003e+002	
  1.4850000e+001	  2.1510000e+001	 -9.0359003e+002	
  1.6200001e+001	  2.1510000e+001	 -9.0388000e+002	
  1.7559999e+001	  2.1520000e+001	 -9.0429999e+002	
  1.8920000e+001	  2.1530001e+001	 -9.0454999e+002	
  2.0270000e+001	  2.1540001e+001	 -9.0488000e+002	
  2.1629999e+001	  2.1549999e+001	 -9.0525000e+002	
 -1.3500000e+000	  2.0200001e+001	 -9.0551001e+002	
  1.0000000e-002	  2.0190001e+001	 -9.0501001e+002	
  1.3600000e+000	  2.0180000e+001	 -9.0466998e+002	
  2.7100000e+000	  2.0170000e+001	 -9.0420001e+002	
  4.0500000e+000	  2.0170000e+001	 -9.0382001e+002	
  5.4000000e+000	  2.0160000e+001	 -9.0351001e+002	
  6.7500000e+000	  2.0160000e+001	 -9.0332001e+002	
  8.1000000e+000	  2.0150000e+001	 -9.0308002e+002	
  9.4500000e+000	  2.0150000e+001	 -9.0309998e+002	
  1.0790000e+001	  2.0150000e+001	 -9.0307001e+002	
  1.2140000e+001	  2.0150000e+001	 -9.0319000e+002	
  1.3500000e+001	  2.0160000e+001	 -9.0348999e+002	
  1.4850000e+001	  2.0170000e+001	 -9.0378003e+002	
  1.6209999e+001	  2.0180000e+001	 -9.0415997e+002	
  1.7559999e+001	  2.0180000e+001	 -9.0453998e+002	
  1.8920000e+001	  2.0190001e+001	 -9.0490002e+002	
  2.0280001e+001	  2.0200001e+001	 -9.0541998e+002	
  2.1650000e+001	  2.0209999e+001	 -9.0594000e+002	
 -1.3500000e+000	  1.8870001e+001	 -9.0607001e+002	
  1.0000000e-002	  1.8850000e+001	 -9.0546002e+002	
  1.3600000e+000	  1.8840000e+001	 -9.0494000e+002	
  2.7100000e+000	  1.8830000e+001	 -9.0441998e+002	
  4.0500000e+000	  1.8830000e+001	 -9.0401001e+002	
  5.4000000e+000	  1.8820000e+001	 -9.0359003e+002	
  6.7500000e+000	  1.8809999e+001	 -9.0331000e+002	
  8.1000000e+000	  1.8809999e+001	 -9.0326001e+002	
  9.4500000e+000	  1.8809999e+001	 -9.0317999e+002	
  1.0790000e+001	  1.8809999e+001	 -9.0315002e+002	
  1.2140000e+001	  1.8809999e+001	 -9.0331000e+002	
  1.3500000e+001	  1.8820000e+001	 -9.0356000e+002	
  1.4850000e+001	  1.8830000e+001	 -9.0396997e+002	
  1.6209999e+001	  1.8840000e+001	 -9.0441998e+002	
  1.7570000e+001	  1.8850000e+001	 -9.0490002e+002	
  1.8930000e+001	  1.8860001e+001	 -9.0541998e+002	
  2.0299999e+001	  1.8870001e+001	 -9.0595001e+002	
  2.1660000e+001	  1.8879999e+001	 -9.0665002e+002	
 -1.3500000e+000	  1.7530001e+001	 -9.0682001e+002	
  1.0000000e-002	  1.7520000e+001	 -9.0615002e+002	
  1.3600000e+000	  1.7510000e+001	 -9.0548999e+002	
  2.7100000e+000	  1.7500000e+001	 -9.0487000e+002	
  4.0600000e+000	  1.7490000e+001	 -9.0427002e+002	
  5.4000000e+000	  1.7480000e+001	 -9.0384998e+002	
  6.7500000e+000	  1.7469999e+001	 -9.0358002e+002	
  8.1000000e+000	  1.7469999e+001	 -9.0340002e+002	
  9.4500000e+000	  1.7469999e+001	 -9.0335999e+002	
  1.0800000e+001	  1.7469999e+001	 -9.0339001e+002	
  1.2150000e+001	  1.7469999e+001	 -9.0340997e+002	
  1.3500000e+001	  1.7480000e+001	 -9.0370001e+002	
  1.4860000e+001	  1.7480000e+001	 -9.0412000e+002	
  1.6219999e+001	  1.7500000e+001	 -9.0479999e+002	
  1.7580000e+001	  1.7510000e+001	 -9.0542999e+002	
  1.8950001e+001	  1.7520000e+001	 -9.0614001e+002	
  2.0309999e+001	  1.7530001e+001	 -9.0677002e+002	
  2.1680000e+001	  1.7549999e+001	 -9.0739001e+002	
 -1.3500000e+000	  1.6190001e+001	 -9.0735999e+002	
  1.0000000e-002	  1.6180000e+001	 -9.0683002e+002	
  1.3600000e+000	  1.6170000e+001	 -9.0614001e+002	
  2.7100000e+000	  1.6160000e+001	 -9.0533002e+002	
  4.0600000e+000	  1.6150000e+001	 -9.0462000e+002	
  5.4000000e+000	  1.6139999e+001	 -9.0416998e+002	
  6.7500000e+000	  1.6129999e+001	 -9.0371997e+002	
  8.1000000e+000	  1.6129999e+001	 -9.0340997e+002	
  9.4500000e+000	  1.6129999e+001	 -9.0334003e+002	
  1.0800000e+001	  1.6120001e+001	 -9.0326001e+002	
  1.2150000e+001	  1.6129999e+001	 -9.0347998e+002	
  1.3500000e+001	  1.6139999e+001	 -9.0388000e+002	
  1.4860000e+001	  1.6150000e+001	 -9.0448999e+002	
  1.6219999e+001	  1.6160000e+001	 -9.0515997e+002	
  1.7590000e+001	  1.6170000e+001	 -9.0584998e+002	
  1.8959999e+001	  1.6180000e+001	 -9.0673999e+002	
  2.0330000e+001	  1.6200001e+001	 -9.0741998e+002	
  2.1690001e+001	  1.6200001e+001	 -9.0791998e+002	
 -1.3500000e+000	  1.4860000e+001	 -9.0822998e+002	
  1.0000000e-002	  1.4850000e+001	 -9.0757001e+002	
  1.3600000e+000	  1.4830000e+001	 -9.0676001e+002	
  2.7100000e+000	  1.4820000e+001	 -9.0590002e+002	
  4.0600000e+000	  1.4810000e+001	 -9.0492999e+002	
  5.4100000e+000	  1.4800000e+001	 -9.0434003e+002	
  6.7500000e+000	  1.4790000e+001	 -9.0383002e+002	
  8.1000000e+000	  1.4780000e+001	 -9.0348999e+002	
  9.4500000e+000	  1.4780000e+001	 -9.0317999e+002	
  1.0790000e+001	  1.4780000e+001	 -9.0317999e+002	
  1.2150000e+001	  1.4790000e+001	 -9.0352002e+002	
  1.3500000e+001	  1.4790000e+001	 -9.0396002e+002	
  1.4860000e+001	  1.4800000e+001	 -9.0454999e+002	
  1.6230000e+001	  1.4810000e+001	 -9.0535999e+002	
  1.7600000e+001	  1.4830000e+001	 -9.0632001e+002	
  1.8969999e+001	  1.4840000e+001	 -9.0728998e+002	
  2.0340000e+001	  1.4860000e+001	 -9.0815002e+002	
  2.1719999e+001	  1.4870000e+001	 -9.0903998e+002	
 -1.3500000e+000	  1.3520000e+001	 -9.0917999e+002	
  1.0000000e-002	  1.3510000e+001	 -9.0840002e+002	
  1.3600000e+000	  1.3490000e+001	 -9.0727002e+002	
  2.7100000e+000	  1.3480000e+001	 -9.0601001e+002	
  4.0600000e+000	  1.3460000e+001	 -9.0509003e+002	
  5.4100000e+000	  1.3450000e+001	 -9.0431000e+002	
  6.7500000e+000	  1.3450000e+001	 -9.0392999e+002	
  8.1000000e+000	  1.3440000e+001	 -9.0346997e+002	
  9.4500000e+000	  1.3440000e+001	 -9.0333002e+002	
  1.0800000e+001	  1.3440000e+001	 -9.0337000e+002	
  1.2150000e+001	  1.3440000e+001	 -9.0359003e+002	
  1.3500000e+001	  1.3450000e+001	 -9.0395001e+002	
  1.4860000e+001	  1.3460000e+001	 -9.0471002e+002	
  1.6230000e+001	  1.3470000e+001	 -9.0572998e+002	
  1.7600000e+001	  1.3490000e+001	 -9.0672998e+002	
  1.8969999e+001	  1.3500000e+001	 -9.0765002e+002	
  2.0350000e+001	  1.3510000e+001	 -9.0838000e+002	
  2.1730000e+001	  1.3530000e+001	 -9.0975000e+002	
 -1.3500000e+000	  1.2180000e+001	 -9.1009998e+002	
  1.0000000e-002	  1.2160000e+001	 -9.0885999e+002	
  1.3600000e+000	  1.2150000e+001	 -9.0759003e+002	
  2.7100000e+000	  1.2130000e+001	 -9.0637000e+002	
  4.0600000e+000	  1.2120000e+001	 -9.0523999e+002	
  5.4100000e+000	  1.2110000e+001	 -9.0432001e+002	
  6.7500000e+000	  1.2100000e+001	 -9.0381000e+002	
  8.1000000e+000	  1.2100000e+001	 -9.0348999e+002	
  9.4500000e+000	  1.2090000e+001	 -9.0321997e+002	
  1.0790000e+001	  1.2090000e+001	 -9.0321002e+002	
  1.2140000e+001	  1.2100000e+001	 -9.0335999e+002	
  1.3500000e+001	  1.2100000e+001	 -9.0377002e+002	
  1.4860000e+001	  1.2110000e+001	 -9.0444000e+002	
  1.6230000e+001	  1.2120000e+001	 -9.0560999e+002	
  1.7610001e+001	  1.2140000e+001	 -9.0694000e+002	
  1.8990000e+001	  1.2160000e+001	 -9.0846002e+002	
  2.0360001e+001	  1.2170000e+001	 -9.0925000e+002	
  2.1760000e+001	  1.2190000e+001	 -9.1085999e+002	
 -1.3500000e+000	  1.0840000e+001	 -9.1107001e+002	
  1.0000000e-002	  1.0820000e+001	 -9.0973999e+002	
  1.3600000e+000	  1.0810000e+001	 -9.0833002e+002	
  2.7100000e+000	  1.0790000e+001	 -9.0679999e+002	
  4.0600000e+000	  1.0780000e+001	 -9.0552002e+002	
  5.4100000e+000	  1.0760000e+001	 -9.0456000e+002	
  6.7500000e+000	  1.0760000e+001	 -9.0385999e+002	
  8.1000000e+000	  1.0750000e+001	 -9.0335999e+002	
  9.4400000e+000	  1.0750000e+001	 -9.0309998e+002	
  1.0790000e+001	  1.0750000e+001	 -9.0294000e+002	
  1.2140000e+001	  1.0750000e+001	 -9.0309998e+002	
  1.3500000e+001	  1.0760000e+001	 -9.0370001e+002	
  1.4860000e+001	  1.0760000e+001	 -9.0446002e+002	
  1.6230000e+001	  1.0780000e+001	 -9.0571997e+002	
  1.7620001e+001	  1.0800000e+001	 -9.0744000e+002	
  1.9000000e+001	  1.0820000e+001	 -9.0902002e+002	
  2.0389999e+001	  1.0830000e+001	 -9.1059998e+002	
  2.1780001e+001	  1.0850000e+001	 -9.1208002e+002	
 -1.3600000e+000	  9.4900000e+000	 -9.1195001e+002	
  1.0000000e-002	  9.4800000e+000	 -9.1103998e+002	
  1.3600000e+000	  9.4600000e+000	 -9.0921002e+002	
  2.7100000e+000	  9.4500000e+000	 -9.0721997e+002	
  4.0600000e+000	  9.4300000e+000	 -9.0569000e+002	
  5.4100000e+000	  9.4200000e+000	 -9.0453998e+002	
  6.7500000e+000	  9.4100000e+000	 -9.0365002e+002	
  8.1000000e+000	  9.4100000e+000	 -9.0313000e+002	
  9.4400000e+000	  9.4000000e+000	 -9.0273999e+002	
  1.0790000e+001	  9.4000000e+000	 -9.0248999e+002	
  1.2140000e+001	  9.4000000e+000	 -9.0272998e+002	
  1.3490000e+001	  9.4100000e+000	 -9.0346997e+002	
  1.4860000e+001	  9.4200000e+000	 -9.0444000e+002	
  1.6240000e+001	  9.4400000e+000	 -9.0615002e+002	
  1.7620001e+001	  9.4500000e+000	 -9.0790002e+002	
  1.9010000e+001	  9.4700000e+000	 -9.0964001e+002	
  2.0420000e+001	  9.4900000e+000	 -9.1196997e+002	
  2.1809999e+001	  9.5100000e+000	 -9.1319000e+002	
 -1.3600000e+000	  8.1400000e+000	 -9.1257001e+002	
  1.0000000e-002	  8.1300000e+000	 -9.1165997e+002	
  1.3600000e+000	  8.1200000e+000	 -9.0971997e+002	
  2.7100000e+000	  8.1000000e+000	 -9.0753998e+002	
  4.0600000e+000	  8.0800000e+000	 -9.0562000e+002	
  5.4000000e+000	  8.0700000e+000	 -9.0389001e+002	
  6.7500000e+000	  8.0600000e+000	 -9.0288000e+002	
  8.0900000e+000	  8.0600000e+000	 -9.0229999e+002	
  9.4300000e+000	  8.0500000e+000	 -9.0203003e+002	
  1.0780000e+001	  8.0500000e+000	 -9.0203003e+002	
  1.2130000e+001	  8.0600000e+000	 -9.0237000e+002	
  1.3490000e+001	  8.0600000e+000	 -9.0296002e+002	
  1.4850000e+001	  8.0700000e+000	 -9.0409003e+002	
  1.6240000e+001	  8.0900000e+000	 -9.0609003e+002	
  1.7629999e+001	  8.1100000e+000	 -9.0835999e+002	
  1.9030001e+001	  8.1300000e+000	 -9.1067999e+002	
  2.0440001e+001	  8.1400000e+000	 -9.1270001e+002	
  2.1830000e+001	  8.1600000e+000	 -9.1401001e+002	
 -1.3600000e+000	  6.7900000e+000	 -9.1265002e+002	
  1.0000000e-002	  6.7800000e+000	 -9.1214001e+002	
  1.3600000e+000	  6.7700000e+000	 -9.1060999e+002	
  2.7200000e+000	  6.7500000e+000	 -9.0814001e+002	
  4.0600000e+000	  6.7400000e+000	 -9.0551001e+002	
  5.4000000e+000	  6.7200000e+000	 -9.0357001e+002	
  6.7400000e+000	  6.7100000e+000	 -9.0234998e+002	
  8.0800000e+000	  6.7100000e+000	 -9.0146002e+002	
  9.4200000e+000	  6.7100000e+000	 -9.0110999e+002	
  1.0770000e+001	  6.7100000e+000	 -9.0115002e+002	
  1.2120000e+001	  6.7100000e+000	 -9.0145001e+002	
  1.3480000e+001	  6.7100000e+000	 -9.0216998e+002	
  1.4840000e+001	  6.7200000e+000	 -9.0335999e+002	
  1.6230000e+001	  6.7400000e+000	 -9.0547998e+002	
  1.7639999e+001	  6.7600000e+000	 -9.0857001e+002	
  1.9049999e+001	  6.7800000e+000	 -9.1138000e+002	
  2.0459999e+001	  6.8000000e+000	 -9.1382001e+002	
  2.1830000e+001	  6.8000000e+000	 -9.1433002e+002	
 -1.3600000e+000	  5.4300000e+000	 -9.1250000e+002	
  1.0000000e-002	  5.4300000e+000	 -9.1216998e+002	
  1.3600000e+000	  5.4200000e+000	 -9.1113000e+002	
  2.7200000e+000	  5.4100000e+000	 -9.0856000e+002	
  4.0600000e+000	  5.3900000e+000	 -9.0538000e+002	
  5.4000000e+000	  5.3800000e+000	 -9.0309003e+002	
  6.7400000e+000	  5.3700000e+000	 -9.0150000e+002	
  8.0800000e+000	  5.3600000e+000	 -9.0073999e+002	
  9.4200000e+000	  5.3600000e+000	 -9.0047998e+002	
  1.0760000e+001	  5.3600000e+000	 -9.0038000e+002	
  1.2110000e+001	  5.3600000e+000	 -9.0071002e+002	
  1.3460000e+001	  5.3700000e+000	 -9.0127002e+002	
  1.4830000e+001	  5.3700000e+000	 -9.0245001e+002	
  1.6219999e+001	  5.3900000e+000	 -9.0516998e+002	
  1.7629999e+001	  5.4100000e+000	 -9.0828003e+002	
  1.9059999e+001	  5.4300000e+000	 -9.1194000e+002	
  2.0469999e+001	  5.4400000e+000	 -9.1417999e+002	
  2.1840000e+001	  5.4400000e+000	 -9.1477002e+002	
 -1.3600000e+000	  4.0700000e+000	 -9.1309998e+002	
  1.0000000e-002	  4.0700000e+000	 -9.1284998e+002	
  1.3700000e+000	  4.0700000e+000	 -9.1177002e+002	
  2.7200000e+000	  4.0600000e+000	 -9.0884998e+002	
  4.0600000e+000	  4.0400000e+000	 -9.0503003e+002	
  5.3900000e+000	  4.0300000e+000	 -9.0242999e+002	
  6.7300000e+000	  4.0200000e+000	 -9.0094000e+002	
  8.0700000e+000	  4.0200000e+000	 -9.0004999e+002	
  9.4100000e+000	  4.0200000e+000	 -8.9958002e+002	
  1.0750000e+001	  4.0200000e+000	 -8.9947998e+002	
  1.2100000e+001	  4.0200000e+000	 -8.9976001e+002	
  1.3450000e+001	  4.0200000e+000	 -9.0045001e+002	
  1.4820000e+001	  4.0300000e+000	 -9.0169000e+002	
  1.6200001e+001	  4.0400000e+000	 -9.0383002e+002	
  1.7620001e+001	  4.0500000e+000	 -9.0788000e+002	
  1.9059999e+001	  4.0700000e+000	 -9.1221002e+002	
  2.0490000e+001	  4.0900000e+000	 -9.1522998e+002	
  2.1860001e+001	  4.0900000e+000	 -9.1534003e+002	
  2.3219999e+001	  4.0900000e+000	 -9.1533002e+002	
 -1.3600000e+000	  2.7200000e+000	 -9.1450000e+002	
  1.0000000e-002	  2.7200000e+000	 -9.1415997e+002	
  1.3700000e+000	  2.7200000e+000	 -9.1256000e+002	
  2.7200000e+000	  2.7100000e+000	 -9.0884003e+002	
  4.0600000e+000	  2.6900000e+000	 -9.0464001e+002	
  5.3900000e+000	  2.6900000e+000	 -9.0134998e+002	
  6.7200000e+000	  2.6800000e+000	 -8.9998999e+002	
  8.0600000e+000	  2.6800000e+000	 -8.9896002e+002	
  9.4000000e+000	  2.6800000e+000	 -8.9848999e+002	
  1.0740000e+001	  2.6800000e+000	 -8.9840002e+002	
  1.2080000e+001	  2.6800000e+000	 -8.9864001e+002	
  1.3440000e+001	  2.6800000e+000	 -8.9947998e+002	
  1.4800000e+001	  2.6800000e+000	 -9.0077002e+002	
  1.6190001e+001	  2.6900000e+000	 -9.0302002e+002	
  1.7600000e+001	  2.7000000e+000	 -9.0664001e+002	
  1.9070000e+001	  2.7200000e+000	 -9.1242999e+002	
  2.0510000e+001	  2.7300000e+000	 -9.1619000e+002	
  2.1889999e+001	  2.7300000e+000	 -9.1695001e+002	
  2.3260000e+001	  2.7300000e+000	 -9.1677002e+002	
 -1.3600000e+000	  1.3700000e+000	 -9.1609003e+002	
  1.0000000e-002	  1.3700000e+000	 -9.1566998e+002	
  1.3700000e+000	  1.3600000e+000	 -9.1379999e+002	
  2.7200000e+000	  1.3600000e+000	 -9.0906000e+002	
  4.0500000e+000	  1.3500000e+000	 -9.0365997e+002	
  5.3800000e+000	  1.3400000e+000	 -8.9995001e+002	
  6.7100000e+000	  1.3400000e+000	 -8.9827002e+002	
  8.0500000e+000	  1.3400000e+000	 -8.9745001e+002	
  9.3900000e+000	  1.3400000e+000	 -8.9721997e+002	
  1.0730000e+001	  1.3400000e+000	 -8.9728003e+002	
  1.2070000e+001	  1.3400000e+000	 -8.9753998e+002	
  1.3420000e+001	  1.3400000e+000	 -8.9815997e+002	
  1.4780000e+001	  1.3400000e+000	 -8.9937000e+002	
  1.6160000e+001	  1.3500000e+000	 -9.0176001e+002	
  1.7590000e+001	  1.3500000e+000	 -9.0635999e+002	
  1.9059999e+001	  1.3600000e+000	 -9.1213000e+002	
  2.0520000e+001	  1.3700000e+000	 -9.1676001e+002	
  2.1910000e+001	  1.3700000e+000	 -9.1759998e+002	
  2.3270000e+001	  1.3700000e+000	 -9.1744000e+002	
 -1.3600000e+000	  1.0000000e-002	 -9.1627002e+002	
  1.0000000e-002	  1.0000000e-002	 -9.1616998e+002	
  1.3700000e+000	  1.0000000e-002	 -9.1400000e+002	
  2.7200000e+000	  1.0000000e-002	 -9.0978998e+002	
  4.0500000e+000	  1.0000000e-002	 -9.0306000e+002	
  5.3700000e+000	  1.0000000e-002	 -8.9870001e+002	
  6.7000000e+000	  1.0000000e-002	 -8.9715002e+002	
  8.0400000e+000	  1.0000000e-002	 -8.9635999e+002	
  9.3700000e+000	  1.0000000e-002	 -8.9613000e+002	
  1.0710000e+001	  1.0000000e-002	 -8.9608002e+002	
  1.2050000e+001	  1.0000000e-002	 -8.9633002e+002	
  1.3400000e+001	  1.0000000e-002	 -8.9678003e+002	
  1.4760000e+001	  1.0000000e-002	 -8.9788000e+002	
  1.6139999e+001	  1.0000000e-002	 -9.0042999e+002	
  1.7590000e+001	  1.0000000e-002	 -9.0603998e+002	
  1.9059999e+001	  1.0000000e-002	 -9.1204999e+002	
  2.0510000e+001	  1.0000000e-002	 -9.1638000e+002	
  2.1900000e+001	  1.0000000e-002	 -9.1747998e+002	
  2.3260000e+001	  1.0000000e-002	 -9.1697998e+002	
 -1.3600000e+000	 -1.3500000e+000	 -9.1552002e+002	
  1.0000000e-002	 -1.3500000e+000	 -9.1538000e+002	
  1.3700000e+000	 -1.3500000e+000	 -9.1375000e+002	
  2.7200000e+000	 -1.3500000e+000	 -9.0902002e+002	
  4.0500000e+000	 -1.3400000e+000	 -9.0278003e+002	
  5.3700000e+000	 -1.3300000e+000	 -8.9771997e+002	
  6.7000000e+000	 -1.3300000e+000	 -8.9592999e+002	
  8.0300000e+000	 -1.3300000e+000	 -8.9513000e+002	
  9.3600000e+000	 -1.3300000e+000	 -8.9473999e+002	
  1.0700000e+001	 -1.3300000e+000	 -8.9477002e+002	
  1.2040000e+001	 -1.3300000e+000	 -8.9496997e+002	
  1.3380000e+001	 -1.3300000e+000	 -8.9552002e+002	
  1.4740000e+001	 -1.3300000e+000	 -8.9662000e+002	
  1.6120001e+001	 -1.3300000e+000	 -8.9941998e+002	
  1.7590000e+001	 -1.3400000e+000	 -9.0597998e+002	
  1.9049999e+001	 -1.3500000e+000	 -9.1140002e+002	
  2.0490000e+001	 -1.3500000e+000	 -9.1515002e+002	
  2.1879999e+001	 -1.3600000e+000	 -9.1660999e+002	
  2.3250000e+001	 -1.3600000e+000	 -9.1635999e+002	
 -1.3600000e+000	 -2.7100000e+000	 -9.1547998e+002	
  1.0000000e-002	 -2.7100000e+000	 -9.1494000e+002	
  1.3700000e+000	 -2.7100000e+000	 -9.1297998e+002	
  2.7200000e+000	 -2.7000000e+000	 -9.0932001e+002	
  4.0500000e+000	 -2.6800000e+000	 -9.0259003e+002	
  5.3600000e+000	 -2.6600000e+000	 -8.9645001e+002	
  6.6900000e+000	 -2.6600000e+000	 -8.9470001e+002	
  8.0200000e+000	 -2.6600000e+000	 -8.9396997e+002	
  9.3500000e+000	 -2.6500000e+000	 -8.9369000e+002	
  1.0690000e+001	 -2.6500000e+000	 -8.9366998e+002	
  1.2020000e+001	 -2.6600000e+000	 -8.9383002e+002	
  1.3360000e+001	 -2.6600000e+000	 -8.9414001e+002	
  1.4720000e+001	 -2.6600000e+000	 -8.9526001e+002	
  1.6110001e+001	 -2.6700000e+000	 -8.9828998e+002	
  1.7580000e+001	 -2.6900000e+000	 -9.0567999e+002	
  1.9049999e+001	 -2.7000000e+000	 -9.1135999e+002	
  2.0469999e+001	 -2.7100000e+000	 -9.1457001e+002	
  2.1870001e+001	 -2.7200000e+000	 -9.1596997e+002	
  2.3240000e+001	 -2.7200000e+000	 -9.1590002e+002	
 -1.3600000e+000	 -4.0700000e+000	 -9.1478998e+002	
  1.0000000e-002	 -4.0700000e+000	 -9.1426001e+002	
  1.3700000e+000	 -4.0600000e+000	 -9.1264001e+002	
  2.7200000e+000	 -4.0500000e+000	 -9.0850000e+002	
  4.0400000e+000	 -4.0100000e+000	 -9.0017999e+002	
  5.3500000e+000	 -3.9900000e+000	 -8.9472998e+002	
  6.6800000e+000	 -3.9800000e+000	 -8.9356000e+002	
  8.0100000e+000	 -3.9800000e+000	 -8.9319000e+002	
  9.3400000e+000	 -3.9800000e+000	 -8.9304999e+002	
  1.0680000e+001	 -3.9800000e+000	 -8.9295001e+002	
  1.2010000e+001	 -3.9800000e+000	 -8.9290002e+002	
  1.3350000e+001	 -3.9800000e+000	 -8.9308002e+002	
  1.4700000e+001	 -3.9900000e+000	 -8.9404999e+002	
  1.6080000e+001	 -4.0000000e+000	 -8.9660999e+002	
  1.7559999e+001	 -4.0300000e+000	 -9.0428998e+002	
  1.9030001e+001	 -4.0600000e+000	 -9.1062000e+002	
  2.0440001e+001	 -4.0600000e+000	 -9.1281000e+002	
  2.1850000e+001	 -4.0700000e+000	 -9.1487000e+002	
  2.3230000e+001	 -4.0800000e+000	 -9.1557001e+002	
 -1.3600000e+000	 -5.4200000e+000	 -9.1364001e+002	
  1.0000000e-002	 -5.4200000e+000	 -9.1226001e+002	
  1.3600000e+000	 -5.4100000e+000	 -9.1088000e+002	
  2.7100000e+000	 -5.3800000e+000	 -9.0616998e+002	
  4.0200000e+000	 -5.3300000e+000	 -8.9687000e+002	
  5.3400000e+000	 -5.3100000e+000	 -8.9341998e+002	
  6.6700000e+000	 -5.3100000e+000	 -8.9262000e+002	
  8.0000000e+000	 -5.3100000e+000	 -8.9234003e+002	
  9.3400000e+000	 -5.3100000e+000	 -8.9219000e+002	
  1.0670000e+001	 -5.3000000e+000	 -8.9192999e+002	
  1.2000000e+001	 -5.3000000e+000	 -8.9188000e+002	
  1.3330000e+001	 -5.3100000e+000	 -8.9203003e+002	
  1.4680000e+001	 -5.3100000e+000	 -8.9288000e+002	
  1.6049999e+001	 -5.3200000e+000	 -8.9506000e+002	
  1.7530001e+001	 -5.3700000e+000	 -9.0303003e+002	
  1.9000000e+001	 -5.4000000e+000	 -9.0919000e+002	
  2.0410000e+001	 -5.4100000e+000	 -9.1141998e+002	
  2.1790001e+001	 -5.4200000e+000	 -9.1215997e+002	
  2.3200001e+001	 -5.4300000e+000	 -9.1457001e+002	
 -2.7200000e+000	 -6.7800000e+000	 -9.1370001e+002	
 -1.3600000e+000	 -6.7700000e+000	 -9.1256000e+002	
  1.0000000e-002	 -6.7600000e+000	 -9.1057001e+002	
  1.3600000e+000	 -6.7600000e+000	 -9.0983002e+002	
  2.7100000e+000	 -6.7200000e+000	 -9.0437000e+002	
  4.0200000e+000	 -6.6600000e+000	 -8.9575000e+002	
  5.3400000e+000	 -6.6400000e+000	 -8.9276001e+002	
  6.6700000e+000	 -6.6300000e+000	 -8.9200000e+002	
  8.0000000e+000	 -6.6300000e+000	 -8.9144000e+002	
  9.3300000e+000	 -6.6300000e+000	 -8.9120001e+002	
  1.0660000e+001	 -6.6300000e+000	 -8.9109998e+002	
  1.1990000e+001	 -6.6300000e+000	 -8.9096997e+002	
  1.3320000e+001	 -6.6300000e+000	 -8.9100000e+002	
  1.4660000e+001	 -6.6300000e+000	 -8.9183002e+002	
  1.6040001e+001	 -6.6500000e+000	 -8.9432001e+002	
  1.7500000e+001	 -6.7000000e+000	 -9.0132001e+002	
  1.8980000e+001	 -6.7500000e+000	 -9.0812000e+002	
  2.0370001e+001	 -6.7600000e+000	 -9.0952002e+002	
  2.1750000e+001	 -6.7600000e+000	 -9.1045001e+002	
  2.3160000e+001	 -6.7800000e+000	 -9.1281000e+002	
  2.4570000e+001	 -6.7900000e+000	 -9.1460999e+002	
 -2.7200000e+000	 -8.1300000e+000	 -9.1271002e+002	
 -1.3500000e+000	 -8.1200000e+000	 -9.1114001e+002	
  1.0000000e-002	 -8.1100000e+000	 -9.0992999e+002	
  1.3600000e+000	 -8.1000000e+000	 -9.0833002e+002	
  2.7000000e+000	 -8.0500000e+000	 -9.0278003e+002	
  4.0100000e+000	 -7.9800000e+000	 -8.9431000e+002	
  5.3400000e+000	 -7.9600000e+000	 -8.9187000e+002	
  6.6600000e+000	 -7.9500000e+000	 -8.9101001e+002	
  7.9900000e+000	 -7.9500000e+000	 -8.9062000e+002	
  9.3200000e+000	 -7.9500000e+000	 -8.9040997e+002	
  1.0650000e+001	 -7.9400000e+000	 -8.9015002e+002	
  1.1980000e+001	 -7.9400000e+000	 -8.9006000e+002	
  1.3310000e+001	 -7.9500000e+000	 -8.9032001e+002	
  1.4650000e+001	 -7.9500000e+000	 -8.9116998e+002	
  1.6020000e+001	 -7.9700000e+000	 -8.9315997e+002	
  1.7459999e+001	 -8.0200000e+000	 -8.9867999e+002	
  1.8950001e+001	 -8.0800000e+000	 -9.0639001e+002	
  2.0350000e+001	 -8.1000000e+000	 -9.0866998e+002	
  2.1719999e+001	 -8.1000000e+000	 -9.0912000e+002	
  2.3110001e+001	 -8.1200000e+000	 -9.1077002e+002	
  2.4520000e+001	 -8.1300000e+000	 -9.1263000e+002	
 -2.7200000e+000	 -9.4800000e+000	 -9.1169000e+002	
 -1.3500000e+000	 -9.4600000e+000	 -9.1003998e+002	
  1.0000000e-002	 -9.4600000e+000	 -9.0931000e+002	
  1.3600000e+000	 -9.4500000e+000	 -9.0825000e+002	
  2.7000000e+000	 -9.3800000e+000	 -9.0159003e+002	
  4.0100000e+000	 -9.3000000e+000	 -8.9335999e+002	
  5.3300000e+000	 -9.2800000e+000	 -8.9126001e+002	
  6.6600000e+000	 -9.2700000e+000	 -8.9031000e+002	
  7.9800000e+000	 -9.2700000e+000	 -8.8983002e+002	
  9.3100000e+000	 -9.2600000e+000	 -8.8953003e+002	
  1.0640000e+001	 -9.2600000e+000	 -8.8916998e+002	
  1.1970000e+001	 -9.2600000e+000	 -8.8917999e+002	
  1.3300000e+001	 -9.2600000e+000	 -8.8953003e+002	
  1.4650000e+001	 -9.2700000e+000	 -8.9056000e+002	
  1.6010000e+001	 -9.2900000e+000	 -8.9240002e+002	
  1.7430000e+001	 -9.3400000e+000	 -8.9727002e+002	
  1.8910000e+001	 -9.4100000e+000	 -9.0457001e+002	
  2.0340000e+001	 -9.4400000e+000	 -9.0800000e+002	
  2.1700001e+001	 -9.4500000e+000	 -9.0846997e+002	
  2.3080000e+001	 -9.4600000e+000	 -9.0953003e+002	
  2.4490000e+001	 -9.4800000e+000	 -9.1129999e+002	
  2.5889999e+001	 -9.4900000e+000	 -9.1277002e+002	
 -2.7100000e+000	 -1.0820000e+001	 -9.1088000e+002	
 -1.3500000e+000	 -1.0810000e+001	 -9.0940002e+002	
  1.0000000e-002	 -1.0800000e+001	 -9.0828003e+002	
  1.3600000e+000	 -1.0780000e+001	 -9.0670001e+002	
  2.6900000e+000	 -1.0690000e+001	 -8.9912000e+002	
  4.0100000e+000	 -1.0620000e+001	 -8.9239001e+002	
  5.3300000e+000	 -1.0600000e+001	 -8.9048999e+002	
  6.6500000e+000	 -1.0590000e+001	 -8.8945001e+002	
  7.9800000e+000	 -1.0580000e+001	 -8.8895001e+002	
  9.3000000e+000	 -1.0580000e+001	 -8.8876001e+002	
  1.0630000e+001	 -1.0580000e+001	 -8.8858002e+002	
  1.1960000e+001	 -1.0580000e+001	 -8.8852002e+002	
  1.3290000e+001	 -1.0580000e+001	 -8.8884998e+002	
  1.4630000e+001	 -1.0590000e+001	 -8.8975000e+002	
  1.6000000e+001	 -1.0610000e+001	 -8.9190002e+002	
  1.7400000e+001	 -1.0660000e+001	 -8.9578998e+002	
  1.8870001e+001	 -1.0730000e+001	 -9.0233002e+002	
  2.0330000e+001	 -1.0790000e+001	 -9.0758002e+002	
  2.1690001e+001	 -1.0790000e+001	 -9.0796002e+002	
  2.3070000e+001	 -1.0800000e+001	 -9.0871002e+002	
  2.4450001e+001	 -1.0820000e+001	 -9.0996997e+002	
  2.5860001e+001	 -1.0840000e+001	 -9.1184003e+002	
 -2.7100000e+000	 -1.2170000e+001	 -9.0985999e+002	
 -1.3500000e+000	 -1.2150000e+001	 -9.0831000e+002	
  1.0000000e-002	 -1.2140000e+001	 -9.0740002e+002	
  1.3600000e+000	 -1.2100000e+001	 -9.0446002e+002	
  2.6800000e+000	 -1.2000000e+001	 -8.9657001e+002	
  4.0000000e+000	 -1.1930000e+001	 -8.9123999e+002	
  5.3200000e+000	 -1.1920000e+001	 -8.8984998e+002	
  6.6500000e+000	 -1.1900000e+001	 -8.8878003e+002	
  7.9700000e+000	 -1.1890000e+001	 -8.8816998e+002	
  9.2900000e+000	 -1.1890000e+001	 -8.8775000e+002	
  1.0620000e+001	 -1.1890000e+001	 -8.8764001e+002	
  1.1950000e+001	 -1.1890000e+001	 -8.8771002e+002	
  1.3280000e+001	 -1.1890000e+001	 -8.8807001e+002	
  1.4620000e+001	 -1.1910000e+001	 -8.8908002e+002	
  1.5980000e+001	 -1.1930000e+001	 -8.9101001e+002	
  1.7379999e+001	 -1.1970000e+001	 -8.9434998e+002	
  1.8809999e+001	 -1.2030000e+001	 -8.9908002e+002	
  2.0280001e+001	 -1.2110000e+001	 -9.0517999e+002	
  2.1680000e+001	 -1.2140000e+001	 -9.0742999e+002	
  2.3049999e+001	 -1.2140000e+001	 -9.0790002e+002	
  2.4430000e+001	 -1.2160000e+001	 -9.0895001e+002	
  2.5830000e+001	 -1.2180000e+001	 -9.1075000e+002	
 -2.7100000e+000	 -1.3510000e+001	 -9.0932001e+002	
 -1.3500000e+000	 -1.3500000e+001	 -9.0834998e+002	
  1.0000000e-002	 -1.3490000e+001	 -9.0788000e+002	
  1.3500000e+000	 -1.3440000e+001	 -9.0392999e+002	
  2.6800000e+000	 -1.3320000e+001	 -8.9573999e+002	
  4.0000000e+000	 -1.3250000e+001	 -8.9053003e+002	
  5.3200000e+000	 -1.3230000e+001	 -8.8913000e+002	
  6.6400000e+000	 -1.3220000e+001	 -8.8809003e+002	
  7.9600000e+000	 -1.3210000e+001	 -8.8735999e+002	
  9.2900000e+000	 -1.3200000e+001	 -8.8690997e+002	
  1.0610000e+001	 -1.3200000e+001	 -8.8669000e+002	
  1.1940000e+001	 -1.3200000e+001	 -8.8703003e+002	
  1.3270000e+001	 -1.3210000e+001	 -8.8747998e+002	
  1.4610000e+001	 -1.3220000e+001	 -8.8842999e+002	
  1.5970000e+001	 -1.3240000e+001	 -8.8998999e+002	
  1.7350000e+001	 -1.3290000e+001	 -8.9300000e+002	
  1.8780001e+001	 -1.3350000e+001	 -8.9795001e+002	
  2.0240000e+001	 -1.3430000e+001	 -9.0315002e+002	
  2.1670000e+001	 -1.3480000e+001	 -9.0685999e+002	
  2.3049999e+001	 -1.3500000e+001	 -9.0803998e+002	
  2.4430000e+001	 -1.3510000e+001	 -9.0896002e+002	
  2.5820000e+001	 -1.3530000e+001	 -9.1009998e+002	
  2.7219999e+001	 -1.3550000e+001	 -9.1177002e+002	
 -4.0700000e+000	 -1.4870000e+001	 -9.0973999e+002	
 -2.7100000e+000	 -1.4860000e+001	 -9.0881000e+002	
 -1.3500000e+000	 -1.4840000e+001	 -9.0779999e+002	
  1.0000000e-002	 -1.4810000e+001	 -9.0610999e+002	
  1.3500000e+000	 -1.4740000e+001	 -9.0115002e+002	
  2.6800000e+000	 -1.4630000e+001	 -8.9400000e+002	
  3.9900000e+000	 -1.4560000e+001	 -8.8978998e+002	
  5.3200000e+000	 -1.4540000e+001	 -8.8821997e+002	
  6.6400000e+000	 -1.4530000e+001	 -8.8722998e+002	
  7.9600000e+000	 -1.4510000e+001	 -8.8646997e+002	
  9.2800000e+000	 -1.4510000e+001	 -8.8603998e+002	
  1.0600000e+001	 -1.4500000e+001	 -8.8585999e+002	
  1.1930000e+001	 -1.4510000e+001	 -8.8609998e+002	
  1.3260000e+001	 -1.4520000e+001	 -8.8666998e+002	
  1.4600000e+001	 -1.4530000e+001	 -8.8762000e+002	
  1.5950000e+001	 -1.4550000e+001	 -8.8906000e+002	
  1.7340000e+001	 -1.4600000e+001	 -8.9221997e+002	
  1.8760000e+001	 -1.4670000e+001	 -8.9660999e+002	
  2.0209999e+001	 -1.4750000e+001	 -9.0201001e+002	
  2.1629999e+001	 -1.4800000e+001	 -9.0507001e+002	
  2.3040001e+001	 -1.4840000e+001	 -9.0752002e+002	
  2.4410000e+001	 -1.4850000e+001	 -9.0838000e+002	
  2.5790001e+001	 -1.4870000e+001	 -9.0923999e+002	
  2.7200001e+001	 -1.4890000e+001	 -9.1085999e+002	
 -4.0700000e+000	 -1.6219999e+001	 -9.0933002e+002	
 -2.7100000e+000	 -1.6200001e+001	 -9.0822998e+002	
 -1.3500000e+000	 -1.6170000e+001	 -9.0684998e+002	
  1.0000000e-002	 -1.6129999e+001	 -9.0417999e+002	
  1.3500000e+000	 -1.6049999e+001	 -8.9915002e+002	
  2.6700000e+000	 -1.5940000e+001	 -8.9306000e+002	
  3.9900000e+000	 -1.5880000e+001	 -8.8916998e+002	
  5.3100000e+000	 -1.5850000e+001	 -8.8746997e+002	
  6.6300000e+000	 -1.5830000e+001	 -8.8634003e+002	
  7.9500000e+000	 -1.5820000e+001	 -8.8556000e+002	
  9.2700000e+000	 -1.5810000e+001	 -8.8523999e+002	
  1.0590000e+001	 -1.5810000e+001	 -8.8515997e+002	
  1.1920000e+001	 -1.5810000e+001	 -8.8529999e+002	
  1.3250000e+001	 -1.5820000e+001	 -8.8582001e+002	
  1.4590000e+001	 -1.5840000e+001	 -8.8672998e+002	
  1.5940000e+001	 -1.5860000e+001	 -8.8825000e+002	
  1.7309999e+001	 -1.5910000e+001	 -8.9088000e+002	
  1.8740000e+001	 -1.5990000e+001	 -8.9557001e+002	
  2.0180000e+001	 -1.6070000e+001	 -9.0051001e+002	
  2.1600000e+001	 -1.6129999e+001	 -9.0398999e+002	
  2.3010000e+001	 -1.6170000e+001	 -9.0640002e+002	
  2.4410000e+001	 -1.6200001e+001	 -9.0804999e+002	
  2.5780001e+001	 -1.6209999e+001	 -9.0884003e+002	
  2.7180000e+001	 -1.6240000e+001	 -9.1031000e+002	
  2.8590000e+001	 -1.6260000e+001	 -9.1198999e+002	
 -4.0600000e+000	 -1.7559999e+001	 -9.0876001e+002	
 -2.7000000e+000	 -1.7540001e+001	 -9.0758002e+002	
 -1.3500000e+000	 -1.7500000e+001	 -9.0559003e+002	
  1.0000000e-002	 -1.7440001e+001	 -9.0226001e+002	
  1.3500000e+000	 -1.7350000e+001	 -8.9756000e+002	
  2.6700000e+000	 -1.7260000e+001	 -8.9225000e+002	
  3.9900000e+000	 -1.7190001e+001	 -8.8837000e+002	
  5.3100000e+000	 -1.7160000e+001	 -8.8676001e+002	
  6.6300000e+000	 -1.7139999e+001	 -8.8562000e+002	
  7.9400000e+000	 -1.7120001e+001	 -8.8481000e+002	
  9.2600000e+000	 -1.7110001e+001	 -8.8428998e+002	
  1.0580000e+001	 -1.7110001e+001	 -8.8421997e+002	
  1.1910000e+001	 -1.7120001e+001	 -8.8442999e+002	
  1.3240000e+001	 -1.7129999e+001	 -8.8500000e+002	
  1.4580000e+001	 -1.7150000e+001	 -8.8592999e+002	
  1.5920000e+001	 -1.7170000e+001	 -8.8726001e+002	
  1.7280001e+001	 -1.7200001e+001	 -8.8920001e+002	
  1.8709999e+001	 -1.7299999e+001	 -8.9423999e+002	
  2.0129999e+001	 -1.7370001e+001	 -8.9813000e+002	
  2.1549999e+001	 -1.7430000e+001	 -9.0167999e+002	
  2.2980000e+001	 -1.7490000e+001	 -9.0508002e+002	
  2.4389999e+001	 -1.7530001e+001	 -9.0725000e+002	
  2.5770000e+001	 -1.7549999e+001	 -9.0841998e+002	
  2.7160000e+001	 -1.7570000e+001	 -9.0946002e+002	
  2.8559999e+001	 -1.7600000e+001	 -9.1079999e+002	
 -5.4200000e+000	 -1.8920000e+001	 -9.0928998e+002	
 -4.0600000e+000	 -1.8900000e+001	 -9.0822998e+002	
 -2.7000000e+000	 -1.8870001e+001	 -9.0658002e+002	
 -1.3500000e+000	 -1.8820000e+001	 -9.0420001e+002	
  1.0000000e-002	 -1.8760000e+001	 -9.0137000e+002	
  1.3400000e+000	 -1.8650000e+001	 -8.9573999e+002	
  2.6700000e+000	 -1.8559999e+001	 -8.9108002e+002	
  3.9900000e+000	 -1.8500000e+001	 -8.8766998e+002	
  5.3000000e+000	 -1.8469999e+001	 -8.8612000e+002	
  6.6200000e+000	 -1.8440001e+001	 -8.8489001e+002	
  7.9400000e+000	 -1.8430000e+001	 -8.8396997e+002	
  9.2500000e+000	 -1.8420000e+001	 -8.8350000e+002	
  1.0570000e+001	 -1.8410000e+001	 -8.8340997e+002	
  1.1900000e+001	 -1.8420000e+001	 -8.8365997e+002	
  1.3230000e+001	 -1.8430000e+001	 -8.8413000e+002	
  1.4560000e+001	 -1.8450001e+001	 -8.8506000e+002	
  1.5910000e+001	 -1.8469999e+001	 -8.8626001e+002	
  1.7260000e+001	 -1.8510000e+001	 -8.8801001e+002	
  1.8639999e+001	 -1.8559999e+001	 -8.9070001e+002	
  2.0100000e+001	 -1.8670000e+001	 -8.9647998e+002	
  2.1520000e+001	 -1.8750000e+001	 -9.0044000e+002	
  2.2940001e+001	 -1.8809999e+001	 -9.0346002e+002	
  2.4360001e+001	 -1.8860001e+001	 -9.0604999e+002	
  2.5760000e+001	 -1.8889999e+001	 -9.0777002e+002	
  2.7139999e+001	 -1.8910000e+001	 -9.0879999e+002	
  2.8530001e+001	 -1.8930000e+001	 -9.0988000e+002	
  2.9940001e+001	 -1.8969999e+001	 -9.1148999e+002	
 -5.4200000e+000	 -2.0250000e+001	 -9.0821997e+002	
 -4.0600000e+000	 -2.0230000e+001	 -9.0709003e+002	
 -2.7000000e+000	 -2.0190001e+001	 -9.0520001e+002	
 -1.3400000e+000	 -2.0129999e+001	 -9.0244000e+002	
  1.0000000e-002	 -2.0080000e+001	 -8.9998999e+002	
  1.3400000e+000	 -1.9980000e+001	 -8.9532001e+002	
  2.6600000e+000	 -1.9860001e+001	 -8.8960999e+002	
  3.9800000e+000	 -1.9799999e+001	 -8.8667999e+002	
  5.3000000e+000	 -1.9770000e+001	 -8.8527002e+002	
  6.6200000e+000	 -1.9750000e+001	 -8.8415002e+002	
  7.9300000e+000	 -1.9730000e+001	 -8.8329999e+002	
  9.2500000e+000	 -1.9719999e+001	 -8.8276001e+002	
  1.0560000e+001	 -1.9709999e+001	 -8.8248999e+002	
  1.1880000e+001	 -1.9709999e+001	 -8.8258002e+002	
  1.3210000e+001	 -1.9719999e+001	 -8.8309998e+002	
  1.4540000e+001	 -1.9740000e+001	 -8.8389001e+002	
  1.5890000e+001	 -1.9770000e+001	 -8.8509998e+002	
  1.7230000e+001	 -1.9799999e+001	 -8.8645001e+002	
  1.8610001e+001	 -1.9850000e+001	 -8.8882001e+002	
  2.0059999e+001	 -1.9969999e+001	 -8.9454999e+002	
  2.1510000e+001	 -2.0070000e+001	 -8.9966998e+002	
  2.2920000e+001	 -2.0129999e+001	 -9.0245001e+002	
  2.4309999e+001	 -2.0170000e+001	 -9.0437000e+002	
  2.5730000e+001	 -2.0219999e+001	 -9.0665997e+002	
  2.7120001e+001	 -2.0250000e+001	 -9.0798999e+002	
  2.8510000e+001	 -2.0270000e+001	 -9.0916998e+002	
  2.9910000e+001	 -2.0299999e+001	 -9.1053998e+002	
 -5.4100000e+000	 -2.1580000e+001	 -9.0753003e+002	
 -4.0500000e+000	 -2.1549999e+001	 -9.0591998e+002	
 -2.6900000e+000	 -2.1500000e+001	 -9.0365997e+002	
 -1.3400000e+000	 -2.1450001e+001	 -9.0154999e+002	
  1.0000000e-002	 -2.1400000e+001	 -8.9913000e+002	
  1.3400000e+000	 -2.1280001e+001	 -8.9375000e+002	
  2.6600000e+000	 -2.1139999e+001	 -8.8775000e+002	
  3.9800000e+000	 -2.1100000e+001	 -8.8576001e+002	
  5.2900000e+000	 -2.1070000e+001	 -8.8435999e+002	
  6.6100000e+000	 -2.1040001e+001	 -8.8331000e+002	
  7.9200000e+000	 -2.1020000e+001	 -8.8237000e+002	
  9.2400000e+000	 -2.1010000e+001	 -8.8190002e+002	
  1.0550000e+001	 -2.1010000e+001	 -8.8162000e+002	
  1.1870000e+001	 -2.1010000e+001	 -8.8165997e+002	
  1.3200000e+001	 -2.1010000e+001	 -8.8192999e+002	
  1.4520000e+001	 -2.1030001e+001	 -8.8257001e+002	
  1.5860000e+001	 -2.1049999e+001	 -8.8354999e+002	
  1.7209999e+001	 -2.1080000e+001	 -8.8484003e+002	
  1.8570000e+001	 -2.1129999e+001	 -8.8695001e+002	
  2.0010000e+001	 -2.1240000e+001	 -8.9215002e+002	
  2.1480000e+001	 -2.1379999e+001	 -8.9846002e+002	
  2.2900000e+001	 -2.1459999e+001	 -9.0165002e+002	
  2.4280001e+001	 -2.1490000e+001	 -9.0307001e+002	
  2.5690001e+001	 -2.1540001e+001	 -9.0520001e+002	
  2.7090000e+001	 -2.1570000e+001	 -9.0690997e+002	
  2.8480000e+001	 -2.1600000e+001	 -9.0826001e+002	
  2.9879999e+001	 -2.1639999e+001	 -9.0971002e+002	
 -6.7700000e+000	 -2.2940001e+001	 -9.0763000e+002	
 -5.4100000e+000	 -2.2900000e+001	 -9.0621997e+002	
 -4.0500000e+000	 -2.2850000e+001	 -9.0409998e+002	
 -2.6900000e+000	 -2.2799999e+001	 -9.0206000e+002	
 -1.3400000e+000	 -2.2770000e+001	 -9.0047998e+002	
  1.0000000e-002	 -2.2709999e+001	 -8.9819000e+002	
  1.3400000e+000	 -2.2530001e+001	 -8.9029999e+002	
  2.6600000e+000	 -2.2440001e+001	 -8.8648999e+002	
  3.9700000e+000	 -2.2389999e+001	 -8.8465997e+002	
  5.2900000e+000	 -2.2360001e+001	 -8.8333002e+002	
  6.6000000e+000	 -2.2340000e+001	 -8.8228998e+002	
  7.9200000e+000	 -2.2320000e+001	 -8.8151001e+002	
  9.2300000e+000	 -2.2309999e+001	 -8.8115002e+002	
  1.0550000e+001	 -2.2299999e+001	 -8.8094000e+002	
  1.1860000e+001	 -2.2299999e+001	 -8.8085999e+002	
  1.3180000e+001	 -2.2309999e+001	 -8.8109998e+002	
  1.4510000e+001	 -2.2320000e+001	 -8.8159003e+002	
  1.5840000e+001	 -2.2340000e+001	 -8.8232001e+002	
  1.7180000e+001	 -2.2360001e+001	 -8.8332001e+002	
  1.8540001e+001	 -2.2410000e+001	 -8.8516998e+002	
  1.9930000e+001	 -2.2480000e+001	 -8.8847998e+002	
  2.1430000e+001	 -2.2670000e+001	 -8.9626001e+002	
  2.2879999e+001	 -2.2770000e+001	 -9.0069000e+002	
  2.4260000e+001	 -2.2809999e+001	 -9.0200000e+002	
  2.5639999e+001	 -2.2840000e+001	 -9.0346002e+002	
  2.7059999e+001	 -2.2900000e+001	 -9.0576001e+002	
  2.8450001e+001	 -2.2930000e+001	 -9.0731000e+002	
  2.9850000e+001	 -2.2959999e+001	 -9.0859003e+002	
 -6.7600000e+000	 -2.4260000e+001	 -9.0653998e+002	
 -5.4000000e+000	 -2.4219999e+001	 -9.0503998e+002	
 -4.0400000e+000	 -2.4170000e+001	 -9.0310999e+002	
 -2.6900000e+000	 -2.4129999e+001	 -9.0141998e+002	
 -1.3400000e+000	 -2.4100000e+001	 -9.0009003e+002	
  1.0000000e-002	 -2.4010000e+001	 -8.9646997e+002	
  1.3300000e+000	 -2.3799999e+001	 -8.8810999e+002	
  2.6500000e+000	 -2.3719999e+001	 -8.8502002e+002	
  3.9700000e+000	 -2.3680000e+001	 -8.8334003e+002	
  5.2800000e+000	 -2.3650000e+001	 -8.8221997e+002	
  6.6000000e+000	 -2.3629999e+001	 -8.8129999e+002	
  7.9100000e+000	 -2.3610001e+001	 -8.8079999e+002	
  9.2200000e+000	 -2.3600000e+001	 -8.8035999e+002	
  1.0540000e+001	 -2.3600000e+001	 -8.8014001e+002	
  1.1850000e+001	 -2.3600000e+001	 -8.8012000e+002	
  1.3170000e+001	 -2.3600000e+001	 -8.8026001e+002	
  1.4500000e+001	 -2.3610001e+001	 -8.8065997e+002	
  1.5820000e+001	 -2.3620001e+001	 -8.8120001e+002	
  1.7160000e+001	 -2.3650000e+001	 -8.8227002e+002	
  1.8510000e+001	 -2.3690001e+001	 -8.8373999e+002	
  1.9879999e+001	 -2.3750000e+001	 -8.8601001e+002	
  2.1360001e+001	 -2.3920000e+001	 -8.9296997e+002	
  2.2860001e+001	 -2.4090000e+001	 -8.9983002e+002	
  2.4250000e+001	 -2.4139999e+001	 -9.0170001e+002	
  2.5629999e+001	 -2.4170000e+001	 -9.0302002e+002	
  2.7020000e+001	 -2.4209999e+001	 -9.0437000e+002	
  2.8420000e+001	 -2.4250000e+001	 -9.0609003e+002	
  2.9809999e+001	 -2.4280001e+001	 -9.0738000e+002	
  3.1209999e+001	 -2.4320000e+001	 -9.0862000e+002	
 -6.7500000e+000	 -2.5580000e+001	 -9.0540997e+002	
 -5.3900000e+000	 -2.5540001e+001	 -9.0403003e+002	
 -4.0400000e+000	 -2.5500000e+001	 -9.0252002e+002	
 -2.6900000e+000	 -2.5469999e+001	 -9.0134003e+002	
 -1.3400000e+000	 -2.5430000e+001	 -8.9976001e+002	
  1.0000000e-002	 -2.5219999e+001	 -8.9203998e+002	
  1.3300000e+000	 -2.5059999e+001	 -8.8592999e+002	
  2.6500000e+000	 -2.5010000e+001	 -8.8392999e+002	
  3.9600000e+000	 -2.4969999e+001	 -8.8238000e+002	
  5.2800000e+000	 -2.4930000e+001	 -8.8113000e+002	
  6.5900000e+000	 -2.4910000e+001	 -8.8028003e+002	
  7.9000000e+000	 -2.4900000e+001	 -8.7982001e+002	
  9.2200000e+000	 -2.4900000e+001	 -8.7964001e+002	
  1.0530000e+001	 -2.4889999e+001	 -8.7959003e+002	
  1.1850000e+001	 -2.4889999e+001	 -8.7957001e+002	
  1.3170000e+001	 -2.4900000e+001	 -8.7972998e+002	
  1.4490000e+001	 -2.4910000e+001	 -8.8008002e+002	
  1.5810000e+001	 -2.4920000e+001	 -8.8059998e+002	
  1.7150000e+001	 -2.4950001e+001	 -8.8146002e+002	
  1.8490000e+001	 -2.4980000e+001	 -8.8263000e+002	
  1.9840000e+001	 -2.5020000e+001	 -8.8440002e+002	
  2.1260000e+001	 -2.5129999e+001	 -8.8851001e+002	
  2.2799999e+001	 -2.5370001e+001	 -8.9734003e+002	
  2.4250000e+001	 -2.5490000e+001	 -9.0184003e+002	
  2.5629999e+001	 -2.5520000e+001	 -9.0301001e+002	
  2.7010000e+001	 -2.5549999e+001	 -9.0421002e+002	
  2.8410000e+001	 -2.5590000e+001	 -9.0564001e+002	
  2.9790001e+001	 -2.5620001e+001	 -9.0677002e+002	
  3.1180000e+001	 -2.5650000e+001	 -9.0784003e+002	
 -8.1100000e+000	 -2.6940001e+001	 -9.0579999e+002	
 -6.7500000e+000	 -2.6910000e+001	 -9.0483002e+002	
 -5.3900000e+000	 -2.6879999e+001	 -9.0365997e+002	
 -4.0400000e+000	 -2.6840000e+001	 -9.0252002e+002	
 -2.6900000e+000	 -2.6809999e+001	 -9.0138000e+002	
 -1.3400000e+000	 -2.6719999e+001	 -8.9790997e+002	
  1.0000000e-002	 -2.6450001e+001	 -8.8850000e+002	
  1.3300000e+000	 -2.6340000e+001	 -8.8454999e+002	
  2.6500000e+000	 -2.6290001e+001	 -8.8278998e+002	
  3.9600000e+000	 -2.6260000e+001	 -8.8140997e+002	
  5.2700000e+000	 -2.6230000e+001	 -8.8035999e+002	
  6.5800000e+000	 -2.6209999e+001	 -8.7959003e+002	
  7.9000000e+000	 -2.6200001e+001	 -8.7928003e+002	
  9.2100000e+000	 -2.6190001e+001	 -8.7912000e+002	
  1.0530000e+001	 -2.6190001e+001	 -8.7902002e+002	
  1.1840000e+001	 -2.6190001e+001	 -8.7898999e+002	
  1.3160000e+001	 -2.6190001e+001	 -8.7900000e+002	
  1.4480000e+001	 -2.6200001e+001	 -8.7935999e+002	
  1.5800000e+001	 -2.6209999e+001	 -8.7984998e+002	
  1.7129999e+001	 -2.6230000e+001	 -8.8047998e+002	
  1.8459999e+001	 -2.6260000e+001	 -8.8145001e+002	
  1.9820000e+001	 -2.6299999e+001	 -8.8306000e+002	
  2.1200001e+001	 -2.6379999e+001	 -8.8579999e+002	
  2.2740000e+001	 -2.6629999e+001	 -8.9482001e+002	
  2.4240000e+001	 -2.6820000e+001	 -9.0145001e+002	
  2.5639999e+001	 -2.6870001e+001	 -9.0348999e+002	
  2.7030001e+001	 -2.6910000e+001	 -9.0470001e+002	
  2.8400000e+001	 -2.6930000e+001	 -9.0551001e+002	
  2.9780001e+001	 -2.6950001e+001	 -9.0632001e+002	
  3.1160000e+001	 -2.6980000e+001	 -9.0727002e+002	
 -8.1100000e+000	 -2.8270000e+001	 -9.0538000e+002	
 -6.7500000e+000	 -2.8250000e+001	 -9.0473999e+002	
 -5.3900000e+000	 -2.8230000e+001	 -9.0390997e+002	
 -4.0400000e+000	 -2.8200001e+001	 -9.0310999e+002	
 -2.6900000e+000	 -2.8160000e+001	 -9.0159003e+002	
 -1.3300000e+000	 -2.7990000e+001	 -8.9571997e+002	
  1.0000000e-002	 -2.7709999e+001	 -8.8616998e+002	
  1.3300000e+000	 -2.7629999e+001	 -8.8350000e+002	
  2.6400000e+000	 -2.7580000e+001	 -8.8190002e+002	
  3.9600000e+000	 -2.7540001e+001	 -8.8053003e+002	
  5.2700000e+000	 -2.7520000e+001	 -8.7959003e+002	
  6.5800000e+000	 -2.7500000e+001	 -8.7907001e+002	
  7.8900000e+000	 -2.7490000e+001	 -8.7867999e+002	
  9.2100000e+000	 -2.7480000e+001	 -8.7848999e+002	
  1.0520000e+001	 -2.7480000e+001	 -8.7840002e+002	
  1.1830000e+001	 -2.7480000e+001	 -8.7840997e+002	
  1.3150000e+001	 -2.7480000e+001	 -8.7850000e+002	
  1.4460000e+001	 -2.7490000e+001	 -8.7859003e+002	
  1.5780000e+001	 -2.7500000e+001	 -8.7890997e+002	
  1.7110001e+001	 -2.7520000e+001	 -8.7960999e+002	
  1.8450001e+001	 -2.7549999e+001	 -8.8073999e+002	
  1.9790001e+001	 -2.7580000e+001	 -8.8175000e+002	
  2.1150000e+001	 -2.7639999e+001	 -8.8376001e+002	
  2.2660000e+001	 -2.7870001e+001	 -8.9171997e+002	
  2.4209999e+001	 -2.8129999e+001	 -9.0034003e+002	
  2.5639999e+001	 -2.8219999e+001	 -9.0352002e+002	
  2.7040001e+001	 -2.8270000e+001	 -9.0531000e+002	
  2.8420000e+001	 -2.8290001e+001	 -9.0592999e+002	
  2.9780001e+001	 -2.8299999e+001	 -9.0637000e+002	
  3.1150000e+001	 -2.8320000e+001	 -9.0687000e+002	
 -8.1100000e+000	 -2.9620001e+001	 -9.0552002e+002	
 -6.7500000e+000	 -2.9610001e+001	 -9.0504999e+002	
 -5.4000000e+000	 -2.9590000e+001	 -9.0437000e+002	
 -4.0400000e+000	 -2.9559999e+001	 -9.0351001e+002	
 -2.6900000e+000	 -2.9500000e+001	 -9.0157001e+002	
 -1.3300000e+000	 -2.9260000e+001	 -8.9363000e+002	
  1.0000000e-002	 -2.8990000e+001	 -8.8476001e+002	
  1.3200000e+000	 -2.8920000e+001	 -8.8253998e+002	
  2.6400000e+000	 -2.8870001e+001	 -8.8109003e+002	
  3.9500000e+000	 -2.8830000e+001	 -8.7975000e+002	
  5.2600000e+000	 -2.8809999e+001	 -8.7889001e+002	
  6.5800000e+000	 -2.8790001e+001	 -8.7847998e+002	
  7.8900000e+000	 -2.8780001e+001	 -8.7812000e+002	
  9.2000000e+000	 -2.8770000e+001	 -8.7784998e+002	
  1.0510000e+001	 -2.8770000e+001	 -8.7775000e+002	
  1.1830000e+001	 -2.8770000e+001	 -8.7781000e+002	
  1.3140000e+001	 -2.8780001e+001	 -8.7794000e+002	
  1.4460000e+001	 -2.8780001e+001	 -8.7800000e+002	
  1.5770000e+001	 -2.8780001e+001	 -8.7815997e+002	
  1.7100000e+001	 -2.8799999e+001	 -8.7878003e+002	
  1.8430000e+001	 -2.8830000e+001	 -8.7971997e+002	
  1.9770000e+001	 -2.8870001e+001	 -8.8079999e+002	
  2.1120001e+001	 -2.8910000e+001	 -8.8234998e+002	
  2.2559999e+001	 -2.9070000e+001	 -8.8729999e+002	
  2.4160000e+001	 -2.9389999e+001	 -8.9796997e+002	
  2.5639999e+001	 -2.9559999e+001	 -9.0328003e+002	
  2.7049999e+001	 -2.9629999e+001	 -9.0565997e+002	
  2.8430000e+001	 -2.9660000e+001	 -9.0648999e+002	
  2.9790001e+001	 -2.9660000e+001	 -9.0675000e+002	
  3.1160000e+001	 -2.9670000e+001	 -9.0706000e+002	
 -9.4700000e+000	 -3.0990000e+001	 -9.0626001e+002	
 -8.1100000e+000	 -3.0980000e+001	 -9.0592999e+002	
 -6.7600000e+000	 -3.0969999e+001	 -9.0542999e+002	
 -5.4000000e+000	 -3.0950001e+001	 -9.0492999e+002	
 -4.0500000e+000	 -3.0930000e+001	 -9.0434998e+002	
 -2.6900000e+000	 -3.0820000e+001	 -9.0095001e+002	
 -1.3200000e+000	 -3.0459999e+001	 -8.8954999e+002	
  1.0000000e-002	 -3.0270000e+001	 -8.8358002e+002	
  1.3200000e+000	 -3.0209999e+001	 -8.8170001e+002	
  2.6400000e+000	 -3.0160000e+001	 -8.8033002e+002	
  3.9500000e+000	 -3.0120001e+001	 -8.7909998e+002	
  5.2600000e+000	 -3.0100000e+001	 -8.7834998e+002	
  6.5700000e+000	 -3.0080000e+001	 -8.7782001e+002	
  7.8800000e+000	 -3.0070000e+001	 -8.7746997e+002	
  9.1900000e+000	 -3.0059999e+001	 -8.7728998e+002	
  1.0510000e+001	 -3.0070000e+001	 -8.7732001e+002	
  1.1820000e+001	 -3.0070000e+001	 -8.7744000e+002	
  1.3130000e+001	 -3.0070000e+001	 -8.7741998e+002	
  1.4450000e+001	 -3.0070000e+001	 -8.7744000e+002	
  1.5760000e+001	 -3.0080000e+001	 -8.7766998e+002	
  1.7090000e+001	 -3.0090000e+001	 -8.7815002e+002	
  1.8420000e+001	 -3.0120001e+001	 -8.7896002e+002	
  1.9760000e+001	 -3.0160000e+001	 -8.8017999e+002	
  2.1100000e+001	 -3.0200001e+001	 -8.8153003e+002	
  2.2490000e+001	 -3.0290001e+001	 -8.8415997e+002	
  2.4059999e+001	 -3.0600000e+001	 -8.9400000e+002	
  2.5620001e+001	 -3.0879999e+001	 -9.0259998e+002	
  2.7059999e+001	 -3.0980000e+001	 -9.0588000e+002	
  2.8450001e+001	 -3.1020000e+001	 -9.0710999e+002	
  2.9820000e+001	 -3.1040001e+001	 -9.0750000e+002	
  3.1170000e+001	 -3.1040001e+001	 -9.0747998e+002	
 -9.4700000e+000	 -3.2349998e+001	 -9.0652002e+002	
 -8.1200000e+000	 -3.2349998e+001	 -9.0640002e+002	
 -6.7600000e+000	 -3.2340000e+001	 -9.0620001e+002	
 -5.4100000e+000	 -3.2320000e+001	 -9.0576001e+002	
 -4.0500000e+000	 -3.2279999e+001	 -9.0453003e+002	
 -2.6800000e+000	 -3.2080002e+001	 -8.9841998e+002	
 -1.3200000e+000	 -3.1680000e+001	 -8.8650000e+002	
  1.0000000e-002	 -3.1559999e+001	 -8.8283002e+002	
  1.3200000e+000	 -3.1500000e+001	 -8.8117999e+002	
  2.6400000e+000	 -3.1459999e+001	 -8.7978003e+002	
  3.9500000e+000	 -3.1420000e+001	 -8.7864001e+002	
  5.2600000e+000	 -3.1389999e+001	 -8.7792999e+002	
  6.5700000e+000	 -3.1379999e+001	 -8.7744000e+002	
  7.8800000e+000	 -3.1370001e+001	 -8.7709998e+002	
  9.1900000e+000	 -3.1360001e+001	 -8.7684003e+002	
  1.0500000e+001	 -3.1360001e+001	 -8.7678998e+002	
  1.1810000e+001	 -3.1360001e+001	 -8.7691998e+002	
  1.3130000e+001	 -3.1360001e+001	 -8.7704999e+002	
  1.4440000e+001	 -3.1370001e+001	 -8.7723999e+002	
  1.5760000e+001	 -3.1379999e+001	 -8.7750000e+002	
  1.7080000e+001	 -3.1389999e+001	 -8.7788000e+002	
  1.8410000e+001	 -3.1420000e+001	 -8.7853003e+002	
  1.9750000e+001	 -3.1459999e+001	 -8.7977002e+002	
  2.1100000e+001	 -3.1500000e+001	 -8.8115002e+002	
  2.2459999e+001	 -3.1559999e+001	 -8.8296997e+002	
  2.3920000e+001	 -3.1750000e+001	 -8.8856000e+002	
  2.5520000e+001	 -3.2090000e+001	 -8.9864001e+002	
  2.7040001e+001	 -3.2299999e+001	 -9.0497998e+002	
  2.8459999e+001	 -3.2389999e+001	 -9.0759998e+002	
  2.9840000e+001	 -3.2410000e+001	 -9.0815002e+002	
  3.1190001e+001	 -3.2410000e+001	 -9.0812000e+002	
 -9.4800000e+000	 -3.3720001e+001	 -9.0703998e+002	
 -8.1200000e+000	 -3.3720001e+001	 -9.0701001e+002	
 -6.7700000e+000	 -3.3709999e+001	 -9.0691998e+002	
 -5.4100000e+000	 -3.3689999e+001	 -9.0641998e+002	
 -4.0400000e+000	 -3.3590000e+001	 -9.0347998e+002	
 -2.6700000e+000	 -3.3250000e+001	 -8.9359003e+002	
 -1.3200000e+000	 -3.2950001e+001	 -8.8513000e+002	
  1.0000000e-002	 -3.2860001e+001	 -8.8237000e+002	
  1.3200000e+000	 -3.2799999e+001	 -8.8071997e+002	
  2.6400000e+000	 -3.2750000e+001	 -8.7944000e+002	
  3.9500000e+000	 -3.2720001e+001	 -8.7845001e+002	
  5.2600000e+000	 -3.2700001e+001	 -8.7790002e+002	
  6.5700000e+000	 -3.2680000e+001	 -8.7739001e+002	
  7.8800000e+000	 -3.2669998e+001	 -8.7700000e+002	
  9.1900000e+000	 -3.2660000e+001	 -8.7676001e+002	
  1.0500000e+001	 -3.2660000e+001	 -8.7665002e+002	
  1.1810000e+001	 -3.2660000e+001	 -8.7664001e+002	
  1.3120000e+001	 -3.2660000e+001	 -8.7670001e+002	
  1.4440000e+001	 -3.2669998e+001	 -8.7684998e+002	
  1.5760000e+001	 -3.2680000e+001	 -8.7721002e+002	
  1.7080000e+001	 -3.2700001e+001	 -8.7772998e+002	
  1.8410000e+001	 -3.2720001e+001	 -8.7846997e+002	
  1.9740000e+001	 -3.2759998e+001	 -8.7953998e+002	
  2.1090000e+001	 -3.2810001e+001	 -8.8084003e+002	
  2.2450001e+001	 -3.2869999e+001	 -8.8277002e+002	
  2.3870001e+001	 -3.3000000e+001	 -8.8640997e+002	
  2.5400000e+001	 -3.3270000e+001	 -8.9410999e+002	
  2.6959999e+001	 -3.3549999e+001	 -9.0231000e+002	
  2.8459999e+001	 -3.3730000e+001	 -9.0740002e+002	
  2.9860001e+001	 -3.3779999e+001	 -9.0873999e+002	
  3.1209999e+001	 -3.3779999e+001	 -9.0878998e+002	
  3.2570000e+001	 -3.3779999e+001	 -9.0870001e+002	
 -9.4800000e+000	 -3.5080002e+001	 -9.0748999e+002	
 -8.1300000e+000	 -3.5080002e+001	 -9.0754999e+002	
 -6.7700000e+000	 -3.5080002e+001	 -9.0742999e+002	
 -5.4100000e+000	 -3.5040001e+001	 -9.0619000e+002	
 -4.0300000e+000	 -3.4810001e+001	 -9.0012000e+002	
 -2.6500000e+000	 -3.4430000e+001	 -8.8959998e+002	
 -1.3200000e+000	 -3.4250000e+001	 -8.8441998e+002	
  1.0000000e-002	 -3.4169998e+001	 -8.8222998e+002	
  1.3200000e+000	 -3.4099998e+001	 -8.8048999e+002	
  2.6400000e+000	 -3.4060001e+001	 -8.7929999e+002	
  3.9500000e+000	 -3.4029999e+001	 -8.7842999e+002	
  5.2600000e+000	 -3.4009998e+001	 -8.7792999e+002	
  6.5700000e+000	 -3.3990002e+001	 -8.7734998e+002	
  7.8800000e+000	 -3.3980000e+001	 -8.7703998e+002	
  9.1900000e+000	 -3.3970001e+001	 -8.7682001e+002	
  1.0500000e+001	 -3.3970001e+001	 -8.7675000e+002	
  1.1810000e+001	 -3.3970001e+001	 -8.7672998e+002	
  1.3130000e+001	 -3.3970001e+001	 -8.7685999e+002	
  1.4440000e+001	 -3.3980000e+001	 -8.7698999e+002	
  1.5760000e+001	 -3.3990002e+001	 -8.7740002e+002	
  1.7080000e+001	 -3.4020000e+001	 -8.7802002e+002	
  1.8410000e+001	 -3.4049999e+001	 -8.7884998e+002	
  1.9750000e+001	 -3.4080002e+001	 -8.7981000e+002	
  2.1090000e+001	 -3.4119999e+001	 -8.8100000e+002	
  2.2450001e+001	 -3.4189999e+001	 -8.8267999e+002	
  2.3860001e+001	 -3.4310001e+001	 -8.8609998e+002	
  2.5299999e+001	 -3.4459999e+001	 -8.9038000e+002	
  2.6850000e+001	 -3.4759998e+001	 -8.9844000e+002	
  2.8430000e+001	 -3.5049999e+001	 -9.0644000e+002	
  2.9860001e+001	 -3.5139999e+001	 -9.0894000e+002	
  3.1230000e+001	 -3.5150002e+001	 -9.0915002e+002	
  3.2580002e+001	 -3.5150002e+001	 -9.0915997e+002	
 -9.4800000e+000	 -3.6450001e+001	 -9.0790997e+002	
 -8.1300000e+000	 -3.6450001e+001	 -9.0796997e+002	
 -6.7700000e+000	 -3.6439999e+001	 -9.0765002e+002	
 -5.4000000e+000	 -3.6310001e+001	 -9.0434003e+002	
 -4.0100000e+000	 -3.5980000e+001	 -8.9538000e+002	
 -2.6500000e+000	 -3.5680000e+001	 -8.8757001e+002	
 -1.3200000e+000	 -3.5560001e+001	 -8.8421002e+002	
  1.0000000e-002	 -3.5480000e+001	 -8.8210999e+002	
  1.3200000e+000	 -3.5419998e+001	 -8.8067999e+002	
  2.6400000e+000	 -3.5380001e+001	 -8.7953998e+002	
  3.9500000e+000	 -3.5349998e+001	 -8.7867999e+002	
  5.2600000e+000	 -3.5320000e+001	 -8.7801001e+002	
  6.5700000e+000	 -3.5299999e+001	 -8.7751001e+002	
  7.8800000e+000	 -3.5290001e+001	 -8.7715997e+002	
  9.1900000e+000	 -3.5290001e+001	 -8.7706000e+002	
  1.0500000e+001	 -3.5290001e+001	 -8.7707001e+002	
  1.1820000e+001	 -3.5290001e+001	 -8.7706000e+002	
  1.3130000e+001	 -3.5290001e+001	 -8.7715997e+002	
  1.4450000e+001	 -3.5299999e+001	 -8.7744000e+002	
  1.5770000e+001	 -3.5320000e+001	 -8.7779999e+002	
  1.7090000e+001	 -3.5340000e+001	 -8.7840002e+002	
  1.8420000e+001	 -3.5369999e+001	 -8.7926001e+002	
  1.9760000e+001	 -3.5410000e+001	 -8.8039001e+002	
  2.1110001e+001	 -3.5459999e+001	 -8.8164001e+002	
  2.2469999e+001	 -3.5529999e+001	 -8.8334998e+002	
  2.3860001e+001	 -3.5639999e+001	 -8.8634998e+002	
  2.5299999e+001	 -3.5790001e+001	 -8.9039001e+002	
  2.6790001e+001	 -3.6009998e+001	 -8.9616998e+002	
  2.8389999e+001	 -3.6340000e+001	 -9.0491998e+002	
  2.9860001e+001	 -3.6490002e+001	 -9.0888000e+002	
  3.1240000e+001	 -3.6509998e+001	 -9.0956000e+002	
  3.2599998e+001	 -3.6509998e+001	 -9.0957001e+002	
 -9.4900000e+000	 -3.7810001e+001	 -9.0831000e+002	
 -8.1300000e+000	 -3.7820000e+001	 -9.0844000e+002	
 -6.7700000e+000	 -3.7779999e+001	 -9.0739001e+002	
 -5.3800000e+000	 -3.7570000e+001	 -9.0203003e+002	
 -3.9900000e+000	 -3.7180000e+001	 -8.9197998e+002	
 -2.6500000e+000	 -3.7009998e+001	 -8.8776001e+002	
 -1.3200000e+000	 -3.6889999e+001	 -8.8463000e+002	
  1.0000000e-002	 -3.6810001e+001	 -8.8265997e+002	
  1.3200000e+000	 -3.6750000e+001	 -8.8114001e+002	
  2.6400000e+000	 -3.6709999e+001	 -8.8004999e+002	
  3.9500000e+000	 -3.6680000e+001	 -8.7919000e+002	
  5.2600000e+000	 -3.6660000e+001	 -8.7862000e+002	
  6.5700000e+000	 -3.6639999e+001	 -8.7810999e+002	
  7.8900000e+000	 -3.6619999e+001	 -8.7771002e+002	
  9.2000000e+000	 -3.6610001e+001	 -8.7752002e+002	
  1.0510000e+001	 -3.6610001e+001	 -8.7748999e+002	
  1.1820000e+001	 -3.6619999e+001	 -8.7763000e+002	
  1.3140000e+001	 -3.6630001e+001	 -8.7784998e+002	
  1.4460000e+001	 -3.6639999e+001	 -8.7815997e+002	
  1.5780000e+001	 -3.6650002e+001	 -8.7857001e+002	
  1.7110001e+001	 -3.6680000e+001	 -8.7923999e+002	
  1.8440001e+001	 -3.6709999e+001	 -8.8008002e+002	
  1.9780001e+001	 -3.6759998e+001	 -8.8129999e+002	
  2.1129999e+001	 -3.6820000e+001	 -8.8275000e+002	
  2.2500000e+001	 -3.6889999e+001	 -8.8459998e+002	
  2.3889999e+001	 -3.7000000e+001	 -8.8746997e+002	
  2.5309999e+001	 -3.7130001e+001	 -8.9081000e+002	
  2.6740000e+001	 -3.7279999e+001	 -8.9442999e+002	
  2.8350000e+001	 -3.7630001e+001	 -9.0351001e+002	
  2.9860001e+001	 -3.7840000e+001	 -9.0892999e+002	
  3.1250000e+001	 -3.7880001e+001	 -9.1000000e+002	
  3.2610001e+001	 -3.7880001e+001	 -9.0981000e+002	
 -9.4900000e+000	 -3.9180000e+001	 -9.0872998e+002	
 -8.1400000e+000	 -3.9180000e+001	 -9.0872998e+002	
 -6.7700000e+000	 -3.9119999e+001	 -9.0717999e+002	
 -5.3800000e+000	 -3.8869999e+001	 -9.0100000e+002	
 -4.0000000e+000	 -3.8509998e+001	 -8.9200000e+002	
 -2.6500000e+000	 -3.8360001e+001	 -8.8847998e+002	
 -1.3200000e+000	 -3.8240002e+001	 -8.8534003e+002	
  1.0000000e-002	 -3.8160000e+001	 -8.8345001e+002	
  1.3200000e+000	 -3.8110001e+001	 -8.8214001e+002	
  2.6400000e+000	 -3.8060001e+001	 -8.8090002e+002	
  3.9500000e+000	 -3.8020000e+001	 -8.7990997e+002	
  5.2700000e+000	 -3.7990002e+001	 -8.7931000e+002	
  6.5800000e+000	 -3.7970001e+001	 -8.7884003e+002	
  7.8900000e+000	 -3.7959999e+001	 -8.7854999e+002	
  9.2000000e+000	 -3.7950001e+001	 -8.7827002e+002	
  1.0520000e+001	 -3.7939999e+001	 -8.7809998e+002	
  1.1830000e+001	 -3.7950001e+001	 -8.7828003e+002	
  1.3150000e+001	 -3.7970001e+001	 -8.7862000e+002	
  1.4470000e+001	 -3.7980000e+001	 -8.7907001e+002	
  1.5790000e+001	 -3.8000000e+001	 -8.7944000e+002	
  1.7120001e+001	 -3.8029999e+001	 -8.8008002e+002	
  1.8459999e+001	 -3.8070000e+001	 -8.8113000e+002	
  1.9799999e+001	 -3.8119999e+001	 -8.8235999e+002	
  2.1160000e+001	 -3.8189999e+001	 -8.8403003e+002	
  2.2540001e+001	 -3.8279999e+001	 -8.8629999e+002	
  2.3930000e+001	 -3.8389999e+001	 -8.8910999e+002	
  2.5340000e+001	 -3.8500000e+001	 -8.9189001e+002	
  2.6750000e+001	 -3.8630001e+001	 -8.9489001e+002	
  2.8340000e+001	 -3.8970001e+001	 -9.0335999e+002	
  2.9860001e+001	 -3.9189999e+001	 -9.0881000e+002	
  3.1260000e+001	 -3.9250000e+001	 -9.1023999e+002	
  3.2619999e+001	 -3.9240002e+001	 -9.1012000e+002	
 -9.4900000e+000	 -4.0540001e+001	 -9.0875000e+002	
 -8.1400000e+000	 -4.0540001e+001	 -9.0890002e+002	
 -6.7700000e+000	 -4.0490002e+001	 -9.0766998e+002	
 -5.3800000e+000	 -4.0220001e+001	 -9.0128003e+002	
 -4.0000000e+000	 -3.9869999e+001	 -8.9275000e+002	
 -2.6600000e+000	 -3.9750000e+001	 -8.8985999e+002	
 -1.3200000e+000	 -3.9630001e+001	 -8.8698999e+002	
  1.0000000e-002	 -3.9529999e+001	 -8.8467999e+002	
  1.3300000e+000	 -3.9470001e+001	 -8.8325000e+002	
  2.6400000e+000	 -3.9419998e+001	 -8.8197998e+002	
  3.9600000e+000	 -3.9369999e+001	 -8.8096997e+002	
  5.2700000e+000	 -3.9349998e+001	 -8.8032001e+002	
  6.5900000e+000	 -3.9330002e+001	 -8.7990997e+002	
  7.9000000e+000	 -3.9310001e+001	 -8.7940997e+002	
  9.2100000e+000	 -3.9299999e+001	 -8.7917999e+002	
  1.0530000e+001	 -3.9290001e+001	 -8.7907001e+002	
  1.1840000e+001	 -3.9299999e+001	 -8.7913000e+002	
  1.3160000e+001	 -3.9310001e+001	 -8.7945001e+002	
  1.4490000e+001	 -3.9330002e+001	 -8.7990002e+002	
  1.5810000e+001	 -3.9349998e+001	 -8.8046997e+002	
  1.7139999e+001	 -3.9380001e+001	 -8.8104999e+002	
  1.8480000e+001	 -3.9419998e+001	 -8.8204999e+002	
  1.9830000e+001	 -3.9480000e+001	 -8.8352002e+002	
  2.1190001e+001	 -3.9560001e+001	 -8.8551001e+002	
  2.2580000e+001	 -3.9669998e+001	 -8.8797998e+002	
  2.3980000e+001	 -3.9790001e+001	 -8.9095001e+002	
  2.5370001e+001	 -3.9889999e+001	 -8.9323999e+002	
  2.6780001e+001	 -3.9990002e+001	 -8.9567999e+002	
  2.8379999e+001	 -4.0360001e+001	 -9.0459998e+002	
  2.9870001e+001	 -4.0560001e+001	 -9.0921997e+002	
  3.1270000e+001	 -4.0610001e+001	 -9.1035999e+002	
  3.2630001e+001	 -4.0610001e+001	 -9.1044000e+002	
 -9.5000000e+000	 -4.1910000e+001	 -9.0927002e+002	
 -8.1400000e+000	 -4.1910000e+001	 -9.0921002e+002	
 -6.7800000e+000	 -4.1880001e+001	 -9.0848999e+002	
 -5.4000000e+000	 -4.1680000e+001	 -9.0390997e+002	
 -4.0000000e+000	 -4.1240002e+001	 -8.9383002e+002	
 -2.6600000e+000	 -4.1110001e+001	 -8.9082001e+002	
 -1.3200000e+000	 -4.1040001e+001	 -8.8926001e+002	
  1.0000000e-002	 -4.0930000e+001	 -8.8663000e+002	
  1.3300000e+000	 -4.0840000e+001	 -8.8459998e+002	
  2.6500000e+000	 -4.0779999e+001	 -8.8313000e+002	
  3.9600000e+000	 -4.0730000e+001	 -8.8188000e+002	
  5.2800000e+000	 -4.0689999e+001	 -8.8103003e+002	
  6.5900000e+000	 -4.0669998e+001	 -8.8048999e+002	
  7.9100000e+000	 -4.0650002e+001	 -8.8013000e+002	
  9.2200000e+000	 -4.0650002e+001	 -8.8003998e+002	
  1.0540000e+001	 -4.0650002e+001	 -8.8004999e+002	
  1.1860000e+001	 -4.0660000e+001	 -8.8027002e+002	
  1.3180000e+001	 -4.0660000e+001	 -8.8041998e+002	
  1.4500000e+001	 -4.0680000e+001	 -8.8077002e+002	
  1.5830000e+001	 -4.0709999e+001	 -8.8142999e+002	
  1.7160000e+001	 -4.0740002e+001	 -8.8212000e+002	
  1.8510000e+001	 -4.0799999e+001	 -8.8364001e+002	
  1.9870001e+001	 -4.0889999e+001	 -8.8562000e+002	
  2.1250000e+001	 -4.0990002e+001	 -8.8803003e+002	
  2.2629999e+001	 -4.1090000e+001	 -8.9020001e+002	
  2.4010000e+001	 -4.1169998e+001	 -8.9210999e+002	
  2.5370001e+001	 -4.1220001e+001	 -8.9328003e+002	
  2.6790001e+001	 -4.1340000e+001	 -8.9602002e+002	
  2.8420000e+001	 -4.1779999e+001	 -9.0615997e+002	
  2.9879999e+001	 -4.1930000e+001	 -9.0963000e+002	
  3.1270000e+001	 -4.1970001e+001	 -9.1050000e+002	
  3.2639999e+001	 -4.1980000e+001	 -9.1078998e+002	
 -9.5000000e+000	 -4.3279999e+001	 -9.0977002e+002	
 -8.1400000e+000	 -4.3270000e+001	 -9.0945001e+002	
 -6.7800000e+000	 -4.3240002e+001	 -9.0888000e+002	
 -5.4100000e+000	 -4.3110001e+001	 -9.0592999e+002	
 -4.0000000e+000	 -4.2570000e+001	 -8.9371002e+002	
 -2.6500000e+000	 -4.2279999e+001	 -8.8734003e+002	
 -1.3300000e+000	 -4.2389999e+001	 -8.8978003e+002	
  1.0000000e-002	 -4.2290001e+001	 -8.8740002e+002	
  1.3300000e+000	 -4.2250000e+001	 -8.8657001e+002	
  2.6500000e+000	 -4.2189999e+001	 -8.8525000e+002	
  3.9700000e+000	 -4.2119999e+001	 -8.8367999e+002	
  5.2900000e+000	 -4.2070000e+001	 -8.8254999e+002	
  6.6000000e+000	 -4.2040001e+001	 -8.8185999e+002	
  7.9200000e+000	 -4.2009998e+001	 -8.8127002e+002	
  9.2300000e+000	 -4.2000000e+001	 -8.8103998e+002	
  1.0550000e+001	 -4.2009998e+001	 -8.8113000e+002	
  1.1870000e+001	 -4.2009998e+001	 -8.8129999e+002	
  1.3200000e+001	 -4.2029999e+001	 -8.8171997e+002	
  1.4520000e+001	 -4.2049999e+001	 -8.8209998e+002	
  1.5860000e+001	 -4.2090000e+001	 -8.8303003e+002	
  1.7200001e+001	 -4.2150002e+001	 -8.8421002e+002	
  1.8549999e+001	 -4.2220001e+001	 -8.8578998e+002	
  1.9930000e+001	 -4.2330002e+001	 -8.8845001e+002	
  2.1320000e+001	 -4.2450001e+001	 -8.9103998e+002	
  2.2690001e+001	 -4.2529999e+001	 -8.9279999e+002	
  2.4059999e+001	 -4.2580002e+001	 -8.9398999e+002	
  2.5420000e+001	 -4.2619999e+001	 -8.9487000e+002	
  2.6920000e+001	 -4.2889999e+001	 -9.0089001e+002	
  2.8469999e+001	 -4.3189999e+001	 -9.0760999e+002	
  2.9889999e+001	 -4.3279999e+001	 -9.0967999e+002	
  3.1280001e+001	 -4.3330002e+001	 -9.1066998e+002	
  3.2650002e+001	 -4.3349998e+001	 -9.1106000e+002	
 -9.5100000e+000	 -4.4650002e+001	 -9.1002002e+002	
 -8.1400000e+000	 -4.4630001e+001	 -9.0953998e+002	
 -6.7800000e+000	 -4.4590000e+001	 -9.0877002e+002	
 -5.4100000e+000	 -4.4500000e+001	 -9.0676001e+002	
 -4.0300000e+000	 -4.4209999e+001	 -9.0040002e+002	
 -2.6600000e+000	 -4.3779999e+001	 -8.9119000e+002	
 -1.3300000e+000	 -4.3820000e+001	 -8.9207001e+002	
  1.0000000e-002	 -4.3779999e+001	 -8.9106000e+002	
  1.3400000e+000	 -4.3720001e+001	 -8.8990002e+002	
  2.6600000e+000	 -4.3650002e+001	 -8.8838000e+002	
  3.9800000e+000	 -4.3580002e+001	 -8.8677002e+002	
  5.3000000e+000	 -4.3509998e+001	 -8.8525000e+002	
  6.6200000e+000	 -4.3459999e+001	 -8.8409998e+002	
  7.9300000e+000	 -4.3410000e+001	 -8.8309003e+002	
  9.2500000e+000	 -4.3389999e+001	 -8.8259998e+002	
  1.0570000e+001	 -4.3380001e+001	 -8.8251001e+002	
  1.1890000e+001	 -4.3389999e+001	 -8.8265002e+002	
  1.3220000e+001	 -4.3419998e+001	 -8.8319000e+002	
  1.4550000e+001	 -4.3450001e+001	 -8.8384003e+002	
  1.5890000e+001	 -4.3500000e+001	 -8.8512000e+002	
  1.7250000e+001	 -4.3599998e+001	 -8.8728998e+002	
  1.8620001e+001	 -4.3700001e+001	 -8.8942999e+002	
  2.0010000e+001	 -4.3820000e+001	 -8.9191998e+002	
  2.1400000e+001	 -4.3939999e+001	 -8.9458002e+002	
  2.2770000e+001	 -4.4009998e+001	 -8.9597998e+002	
  2.4170000e+001	 -4.4110001e+001	 -8.9833002e+002	
  2.5570000e+001	 -4.4220001e+001	 -9.0070001e+002	
  2.7030001e+001	 -4.4400002e+001	 -9.0454999e+002	
  2.8480000e+001	 -4.4549999e+001	 -9.0788000e+002	
  2.9879999e+001	 -4.4630001e+001	 -9.0964001e+002	
  3.1280001e+001	 -4.4680000e+001	 -9.1071002e+002	
 -9.5100000e+000	 -4.6020000e+001	 -9.1034003e+002	
 -8.1400000e+000	 -4.5980000e+001	 -9.0950000e+002	
 -6.7800000e+000	 -4.5930000e+001	 -9.0840997e+002	
 -5.4100000e+000	 -4.5840000e+001	 -9.0660999e+002	
 -4.0400000e+000	 -4.5700001e+001	 -9.0359998e+002	
 -2.6900000e+000	 -4.5540001e+001	 -9.0031000e+002	
 -1.3400000e+000	 -4.5439999e+001	 -8.9815002e+002	
  1.0000000e-002	 -4.5310001e+001	 -8.9548999e+002	
  1.3400000e+000	 -4.5230000e+001	 -8.9373999e+002	
  2.6700000e+000	 -4.5139999e+001	 -8.9183002e+002	
  4.0000000e+000	 -4.5049999e+001	 -8.9002002e+002	
  5.3200000e+000	 -4.4980000e+001	 -8.8835999e+002	
  6.6400000e+000	 -4.4910000e+001	 -8.8701001e+002	
  7.9500000e+000	 -4.4840000e+001	 -8.8538000e+002	
  9.2700000e+000	 -4.4810001e+001	 -8.8477002e+002	
  1.0590000e+001	 -4.4820000e+001	 -8.8500000e+002	
  1.1920000e+001	 -4.4830002e+001	 -8.8526001e+002	
  1.3240000e+001	 -4.4830002e+001	 -8.8519000e+002	
  1.4590000e+001	 -4.4889999e+001	 -8.8645001e+002	
  1.5950000e+001	 -4.4990002e+001	 -8.8865997e+002	
  1.7320000e+001	 -4.5090000e+001	 -8.9076001e+002	
  1.8700001e+001	 -4.5209999e+001	 -8.9322998e+002	
  2.0090000e+001	 -4.5340000e+001	 -8.9603998e+002	
  2.1510000e+001	 -4.5500000e+001	 -8.9940997e+002	
  2.2889999e+001	 -4.5580002e+001	 -9.0100000e+002	
  2.4270000e+001	 -4.5650002e+001	 -9.0253003e+002	
  2.5660000e+001	 -4.5720001e+001	 -9.0396997e+002	
  2.7070000e+001	 -4.5810001e+001	 -9.0598999e+002	
  2.8480000e+001	 -4.5910000e+001	 -9.0803003e+002	
  2.9879999e+001	 -4.5970001e+001	 -9.0938000e+002	
  3.1270000e+001	 -4.6029999e+001	 -9.1053998e+002	
 -9.5100000e+000	 -4.7369999e+001	 -9.1028998e+002	
 -8.1400000e+000	 -4.7330002e+001	 -9.0941998e+002	
 -6.7800000e+000	 -4.7270000e+001	 -9.0829999e+002	
 -5.4100000e+000	 -4.7189999e+001	 -9.0670001e+002	
 -4.0500000e+000	 -4.7110001e+001	 -9.0506000e+002	
 -2.6900000e+000	 -4.7040001e+001	 -9.0364001e+002	
 -1.3400000e+000	 -4.6970001e+001	 -9.0210999e+002	
  1.0000000e-002	 -4.6880001e+001	 -9.0028998e+002	
  1.3500000e+000	 -4.6750000e+001	 -8.9750000e+002	
  2.6800000e+000	 -4.6619999e+001	 -8.9484003e+002	
  4.0100000e+000	 -4.6560001e+001	 -8.9377002e+002	
  5.3400000e+000	 -4.6500000e+001	 -8.9244000e+002	
  6.6700000e+000	 -4.6439999e+001	 -8.9126001e+002	
  7.9900000e+000	 -4.6380001e+001	 -8.9006000e+002	
  9.3100000e+000	 -4.6340000e+001	 -8.8916998e+002	
  1.0640000e+001	 -4.6330002e+001	 -8.8889001e+002	
  1.1970000e+001	 -4.6330002e+001	 -8.8896997e+002	
  1.3300000e+001	 -4.6349998e+001	 -8.8931000e+002	
  1.4650000e+001	 -4.6389999e+001	 -8.9021002e+002	
  1.6000000e+001	 -4.6470001e+001	 -8.9188000e+002	
  1.7370001e+001	 -4.6549999e+001	 -8.9357001e+002	
  1.8770000e+001	 -4.6709999e+001	 -8.9672998e+002	
  2.0170000e+001	 -4.6860001e+001	 -8.9990002e+002	
  2.1559999e+001	 -4.6959999e+001	 -9.0181000e+002	
  2.2930000e+001	 -4.7009998e+001	 -9.0287000e+002	
  2.4299999e+001	 -4.7049999e+001	 -9.0365002e+002	
  2.5680000e+001	 -4.7090000e+001	 -9.0456000e+002	
  2.7059999e+001	 -4.7160000e+001	 -9.0591998e+002	
  2.8459999e+001	 -4.7230000e+001	 -9.0738000e+002	
  2.9850000e+001	 -4.7290001e+001	 -9.0860999e+002	
  3.1250000e+001	 -4.7349998e+001	 -9.0982001e+002	
 -8.1400000e+000	 -4.8669998e+001	 -9.0928003e+002	
 -6.7800000e+000	 -4.8619999e+001	 -9.0821997e+002	
 -5.4100000e+000	 -4.8560001e+001	 -9.0697998e+002	
 -4.0500000e+000	 -4.8490002e+001	 -9.0567999e+002	
 -2.7000000e+000	 -4.8430000e+001	 -9.0440997e+002	
 -1.3400000e+000	 -4.8369999e+001	 -9.0328003e+002	
  1.0000000e-002	 -4.8320000e+001	 -9.0215997e+002	
  1.3500000e+000	 -4.8259998e+001	 -9.0107001e+002	
  2.6900000e+000	 -4.8169998e+001	 -8.9926001e+002	
  4.0200000e+000	 -4.8009998e+001	 -8.9601001e+002	
  5.3500000e+000	 -4.7919998e+001	 -8.9432001e+002	
  6.6800000e+000	 -4.7869999e+001	 -8.9329999e+002	
  8.0100000e+000	 -4.7820000e+001	 -8.9220001e+002	
  9.3400000e+000	 -4.7810001e+001	 -8.9200000e+002	
  1.0670000e+001	 -4.7799999e+001	 -8.9183002e+002	
  1.2000000e+001	 -4.7799999e+001	 -8.9184998e+002	
  1.3340000e+001	 -4.7820000e+001	 -8.9220001e+002	
  1.4690000e+001	 -4.7869999e+001	 -8.9321002e+002	
  1.6049999e+001	 -4.7919998e+001	 -8.9429999e+002	
  1.7410000e+001	 -4.7990002e+001	 -8.9575000e+002	
  1.8790001e+001	 -4.8119999e+001	 -8.9817999e+002	
  2.0180000e+001	 -4.8230000e+001	 -9.0039001e+002	
  2.1559999e+001	 -4.8299999e+001	 -9.0190002e+002	
  2.2930000e+001	 -4.8349998e+001	 -9.0290002e+002	
  2.4309999e+001	 -4.8410000e+001	 -9.0394000e+002	
  2.5680000e+001	 -4.8450001e+001	 -9.0472998e+002	
  2.7059999e+001	 -4.8490002e+001	 -9.0562000e+002	
  2.8450001e+001	 -4.8560001e+001	 -9.0690997e+002	
  2.9850000e+001	 -4.8630001e+001	 -9.0844000e+002	
  3.1240000e+001	 -4.8689999e+001	 -9.0954999e+002	
 -8.1400000e+000	 -5.0000000e+001	 -9.0878998e+002	
 -6.7700000e+000	 -4.9939999e+001	 -9.0760999e+002	
 -5.4100000e+000	 -4.9889999e+001	 -9.0664001e+002	
 -4.0500000e+000	 -4.9849998e+001	 -9.0579999e+002	
 -2.7000000e+000	 -4.9799999e+001	 -9.0490002e+002	
 -1.3400000e+000	 -4.9740002e+001	 -9.0376001e+002	
  1.0000000e-002	 -4.9689999e+001	 -9.0276001e+002	
  1.3500000e+000	 -4.9639999e+001	 -9.0183002e+002	
  2.6900000e+000	 -4.9560001e+001	 -9.0021002e+002	
  4.0300000e+000	 -4.9450001e+001	 -8.9819000e+002	
  5.3700000e+000	 -4.9380001e+001	 -8.9678998e+002	
  6.7000000e+000	 -4.9330002e+001	 -8.9570001e+002	
  8.0300000e+000	 -4.9290001e+001	 -8.9491998e+002	
  9.3600000e+000	 -4.9259998e+001	 -8.9446002e+002	
  1.0700000e+001	 -4.9250000e+001	 -8.9428998e+002	
  1.2040000e+001	 -4.9259998e+001	 -8.9440997e+002	
  1.3380000e+001	 -4.9270000e+001	 -8.9470001e+002	
  1.4720000e+001	 -4.9299999e+001	 -8.9522998e+002	
  1.6070000e+001	 -4.9330002e+001	 -8.9584998e+002	
  1.7430000e+001	 -4.9380001e+001	 -8.9665997e+002	
  1.8799999e+001	 -4.9470001e+001	 -8.9853003e+002	
  2.0190001e+001	 -4.9580002e+001	 -9.0053003e+002	
  2.1559999e+001	 -4.9639999e+001	 -9.0181000e+002	
  2.2930000e+001	 -4.9689999e+001	 -9.0282001e+002	
  2.4299999e+001	 -4.9740002e+001	 -9.0365002e+002	
  2.5670000e+001	 -4.9779999e+001	 -9.0440002e+002	
  2.7049999e+001	 -4.9820000e+001	 -9.0532001e+002	
  2.8430000e+001	 -4.9880001e+001	 -9.0634998e+002	
  2.9820000e+001	 -4.9939999e+001	 -9.0759998e+002	
 -8.1300000e+000	 -5.1320000e+001	 -9.0819000e+002	
 -6.7700000e+000	 -5.1259998e+001	 -9.0709998e+002	
 -5.4100000e+000	 -5.1220001e+001	 -9.0623999e+002	
 -4.0500000e+000	 -5.1169998e+001	 -9.0542999e+002	
 -2.7000000e+000	 -5.1139999e+001	 -9.0475000e+002	
 -1.3500000e+000	 -5.1099998e+001	 -9.0408002e+002	
  1.0000000e-002	 -5.1060001e+001	 -9.0321997e+002	
  1.3500000e+000	 -5.0990002e+001	 -9.0198999e+002	
  2.7000000e+000	 -5.0900002e+001	 -9.0031000e+002	
  4.0300000e+000	 -5.0810001e+001	 -8.9863000e+002	
  5.3700000e+000	 -5.0759998e+001	 -8.9764001e+002	
  6.7100000e+000	 -5.0730000e+001	 -8.9700000e+002	
  8.0400000e+000	 -5.0709999e+001	 -8.9657001e+002	
  9.3800000e+000	 -5.0689999e+001	 -8.9625000e+002	
  1.0720000e+001	 -5.0680000e+001	 -8.9612000e+002	
  1.2060000e+001	 -5.0680000e+001	 -8.9619000e+002	
  1.3400000e+001	 -5.0689999e+001	 -8.9631000e+002	
  1.4740000e+001	 -5.0700001e+001	 -8.9638000e+002	
  1.6090000e+001	 -5.0709999e+001	 -8.9665997e+002	
  1.7440001e+001	 -5.0740002e+001	 -8.9726001e+002	
  1.8799999e+001	 -5.0799999e+001	 -8.9838000e+002	
  2.0180000e+001	 -5.0889999e+001	 -9.0006000e+002	
  2.1559999e+001	 -5.0970001e+001	 -9.0156000e+002	
  2.2930000e+001	 -5.1020000e+001	 -9.0258002e+002	
  2.4290001e+001	 -5.1060001e+001	 -9.0325000e+002	
  2.5660000e+001	 -5.1090000e+001	 -9.0390997e+002	
  2.7030001e+001	 -5.1139999e+001	 -9.0475000e+002	
  2.8410000e+001	 -5.1189999e+001	 -9.0572998e+002	
  2.9790001e+001	 -5.1240002e+001	 -9.0664001e+002	
 -6.7600000e+000	 -5.2560001e+001	 -9.0609003e+002	
 -5.4000000e+000	 -5.2509998e+001	 -9.0525000e+002	
 -4.0500000e+000	 -5.2480000e+001	 -9.0463000e+002	
 -2.7000000e+000	 -5.2439999e+001	 -9.0400000e+002	
 -1.3400000e+000	 -5.2419998e+001	 -9.0360999e+002	
  1.0000000e-002	 -5.2389999e+001	 -9.0301001e+002	
  1.3500000e+000	 -5.2330002e+001	 -9.0192999e+002	
  2.7000000e+000	 -5.2250000e+001	 -9.0045001e+002	
  4.0400000e+000	 -5.2180000e+001	 -8.9915002e+002	
  5.3700000e+000	 -5.2130001e+001	 -8.9826001e+002	
  6.7100000e+000	 -5.2110001e+001	 -8.9782001e+002	
  8.0500000e+000	 -5.2099998e+001	 -8.9759003e+002	
  9.3900000e+000	 -5.2090000e+001	 -8.9752002e+002	
  1.0740000e+001	 -5.2090000e+001	 -8.9757001e+002	
  1.2080000e+001	 -5.2090000e+001	 -8.9748999e+002	
  1.3410000e+001	 -5.2080002e+001	 -8.9734998e+002	
  1.4760000e+001	 -5.2090000e+001	 -8.9753003e+002	
  1.6100000e+001	 -5.2099998e+001	 -8.9775000e+002	
  1.7450001e+001	 -5.2119999e+001	 -8.9803998e+002	
  1.8809999e+001	 -5.2169998e+001	 -8.9890997e+002	
  2.0170000e+001	 -5.2220001e+001	 -8.9992999e+002	
  2.1540001e+001	 -5.2279999e+001	 -9.0090002e+002	
  2.2910000e+001	 -5.2330002e+001	 -9.0187000e+002	
  2.4280001e+001	 -5.2369999e+001	 -9.0267999e+002	
  2.5639999e+001	 -5.2410000e+001	 -9.0339001e+002	
  2.7020000e+001	 -5.2459999e+001	 -9.0419000e+002	
  2.8400000e+001	 -5.2509998e+001	 -9.0527002e+002	
  2.9780001e+001	 -5.2570000e+001	 -9.0633002e+002	
 -6.7600000e+000	 -5.3880001e+001	 -9.0556000e+002	
 -5.4000000e+000	 -5.3840000e+001	 -9.0487000e+002	
 -4.0500000e+000	 -5.3790001e+001	 -9.0406000e+002	
 -2.6900000e+000	 -5.3750000e+001	 -9.0334998e+002	
 -1.3400000e+000	 -5.3720001e+001	 -9.0278998e+002	
  1.0000000e-002	 -5.3689999e+001	 -9.0219000e+002	
  1.3500000e+000	 -5.3639999e+001	 -9.0138000e+002	
  2.7000000e+000	 -5.3590000e+001	 -9.0039001e+002	
  4.0400000e+000	 -5.3529999e+001	 -8.9934003e+002	
  5.3800000e+000	 -5.3490002e+001	 -8.9859998e+002	
  6.7200000e+000	 -5.3470001e+001	 -8.9823999e+002	
  8.0600000e+000	 -5.3459999e+001	 -8.9813000e+002	
  9.4000000e+000	 -5.3470001e+001	 -8.9825000e+002	
  1.0740000e+001	 -5.3459999e+001	 -8.9817999e+002	
  1.2080000e+001	 -5.3450001e+001	 -8.9789001e+002	
  1.3420000e+001	 -5.3459999e+001	 -8.9801001e+002	
  1.4770000e+001	 -5.3459999e+001	 -8.9803998e+002	
  1.6110001e+001	 -5.3450001e+001	 -8.9797998e+002	
  1.7450001e+001	 -5.3450001e+001	 -8.9798999e+002	
  1.8799999e+001	 -5.3490002e+001	 -8.9865002e+002	
  2.0170000e+001	 -5.3549999e+001	 -8.9972998e+002	
  2.1540001e+001	 -5.3610001e+001	 -9.0073999e+002	
  2.2910000e+001	 -5.3660000e+001	 -9.0171997e+002	
  2.4270000e+001	 -5.3700001e+001	 -9.0241998e+002	
  2.5629999e+001	 -5.3730000e+001	 -9.0287000e+002	
  2.6990000e+001	 -5.3750000e+001	 -9.0331000e+002	
  2.8370001e+001	 -5.3799999e+001	 -9.0423999e+002	
 -5.4000000e+000	 -5.5160000e+001	 -9.0451001e+002	
 -4.0400000e+000	 -5.5119999e+001	 -9.0375000e+002	
 -2.6900000e+000	 -5.5080002e+001	 -9.0310999e+002	
 -1.3400000e+000	 -5.5049999e+001	 -9.0251001e+002	
  1.0000000e-002	 -5.5029999e+001	 -9.0209998e+002	
  1.3500000e+000	 -5.4990002e+001	 -9.0146002e+002	
  2.7000000e+000	 -5.4939999e+001	 -9.0058002e+002	
  4.0400000e+000	 -5.4889999e+001	 -8.9971002e+002	
  5.3800000e+000	 -5.4849998e+001	 -8.9909003e+002	
  6.7200000e+000	 -5.4830002e+001	 -8.9876001e+002	
  8.0600000e+000	 -5.4830002e+001	 -8.9867999e+002	
  9.4100000e+000	 -5.4840000e+001	 -8.9878998e+002	
  1.0750000e+001	 -5.4849998e+001	 -8.9897998e+002	
  1.2090000e+001	 -5.4840000e+001	 -8.9889001e+002	
  1.3430000e+001	 -5.4830002e+001	 -8.9875000e+002	
  1.4770000e+001	 -5.4820000e+001	 -8.9847998e+002	
  1.6110001e+001	 -5.4810001e+001	 -8.9831000e+002	
  1.7459999e+001	 -5.4810001e+001	 -8.9829999e+002	
  1.8809999e+001	 -5.4830002e+001	 -8.9867999e+002	
  2.0160000e+001	 -5.4860001e+001	 -8.9927002e+002	
  2.1520000e+001	 -5.4910000e+001	 -9.0013000e+002	
  2.2889999e+001	 -5.4970001e+001	 -9.0114001e+002	
  2.4260000e+001	 -5.5020000e+001	 -9.0200000e+002	
  2.5620001e+001	 -5.5060001e+001	 -9.0259998e+002	
  2.6990000e+001	 -5.5090000e+001	 -9.0317999e+002	
  2.8360001e+001	 -5.5119999e+001	 -9.0377002e+002	
 -4.0400000e+000	 -5.6459999e+001	 -9.0363000e+002	
 -2.6900000e+000	 -5.6430000e+001	 -9.0312000e+002	
 -1.3400000e+000	 -5.6400002e+001	 -9.0256000e+002	
  1.0000000e-002	 -5.6360001e+001	 -9.0202002e+002	
  1.3500000e+000	 -5.6330002e+001	 -9.0135999e+002	
  2.7000000e+000	 -5.6270000e+001	 -9.0039001e+002	
  4.0400000e+000	 -5.6209999e+001	 -8.9934998e+002	
  5.3800000e+000	 -5.6169998e+001	 -8.9879999e+002	
  6.7200000e+000	 -5.6160000e+001	 -8.9858002e+002	
  8.0600000e+000	 -5.6169998e+001	 -8.9876001e+002	
  9.4100000e+000	 -5.6189999e+001	 -8.9906000e+002	
  1.0760000e+001	 -5.6209999e+001	 -8.9931000e+002	
  1.2100000e+001	 -5.6200001e+001	 -8.9916998e+002	
  1.3440000e+001	 -5.6180000e+001	 -8.9889001e+002	
  1.4780000e+001	 -5.6160000e+001	 -8.9860999e+002	
  1.6110001e+001	 -5.6150002e+001	 -8.9834998e+002	
  1.7459999e+001	 -5.6150002e+001	 -8.9842999e+002	
  1.8809999e+001	 -5.6169998e+001	 -8.9872998e+002	
  2.0160000e+001	 -5.6200001e+001	 -8.9921002e+002	
  2.1510000e+001	 -5.6230000e+001	 -8.9965002e+002	
  2.2870001e+001	 -5.6259998e+001	 -9.0022998e+002	
  2.4240000e+001	 -5.6310001e+001	 -9.0103998e+002	
  2.5610001e+001	 -5.6360001e+001	 -9.0190997e+002	
  2.6980000e+001	 -5.6410000e+001	 -9.0273999e+002	
 -2.6900000e+000	 -5.7759998e+001	 -9.0296002e+002	
 -1.3400000e+000	 -5.7720001e+001	 -9.0226001e+002	
  1.0000000e-002	 -5.7680000e+001	 -9.0151001e+002	
  1.3500000e+000	 -5.7630001e+001	 -9.0076001e+002	
  2.6900000e+000	 -5.7570000e+001	 -8.9970001e+002	
  4.0300000e+000	 -5.7509998e+001	 -8.9871002e+002	
  5.3700000e+000	 -5.7470001e+001	 -8.9807001e+002	
  6.7100000e+000	 -5.7450001e+001	 -8.9778998e+002	
  8.0500000e+000	 -5.7450001e+001	 -8.9771997e+002	
  9.4000000e+000	 -5.7490002e+001	 -8.9834003e+002	
  1.0750000e+001	 -5.7529999e+001	 -8.9909998e+002	
  1.2100000e+001	 -5.7529999e+001	 -8.9909998e+002	
  1.3430000e+001	 -5.7509998e+001	 -8.9873999e+002	
  1.4770000e+001	 -5.7480000e+001	 -8.9831000e+002	
  1.6110001e+001	 -5.7470001e+001	 -8.9810999e+002	
  1.7450001e+001	 -5.7470001e+001	 -8.9809003e+002	
  1.8799999e+001	 -5.7480000e+001	 -8.9831000e+002	
  2.0150000e+001	 -5.7509998e+001	 -8.9871002e+002	
  2.1500000e+001	 -5.7540001e+001	 -8.9921997e+002	
  2.2870001e+001	 -5.7590000e+001	 -9.0002002e+002	
  2.4230000e+001	 -5.7639999e+001	 -9.0091998e+002	
  2.5600000e+001	 -5.7689999e+001	 -9.0167999e+002	
  1.0000000e-002	 -5.8970001e+001	 -9.0066998e+002	
  1.3500000e+000	 -5.8900002e+001	 -8.9967999e+002	
  2.6900000e+000	 -5.8840000e+001	 -8.9858002e+002	
  4.0300000e+000	 -5.8799999e+001	 -8.9791998e+002	
  5.3700000e+000	 -5.8770000e+001	 -8.9751001e+002	
  6.7100000e+000	 -5.8759998e+001	 -8.9734003e+002	
  8.0500000e+000	 -5.8759998e+001	 -8.9738000e+002	
  9.4000000e+000	 -5.8779999e+001	 -8.9769000e+002	
  1.0740000e+001	 -5.8810001e+001	 -8.9816998e+002	
  1.2090000e+001	 -5.8830002e+001	 -8.9847998e+002	
  1.3430000e+001	 -5.8820000e+001	 -8.9834998e+002	
  1.4770000e+001	 -5.8799999e+001	 -8.9803003e+002	
  1.6100000e+001	 -5.8790001e+001	 -8.9777002e+002	
  1.7440001e+001	 -5.8779999e+001	 -8.9767999e+002	
  1.8790001e+001	 -5.8779999e+001	 -8.9765002e+002	
  2.0129999e+001	 -5.8799999e+001	 -8.9790002e+002	
  2.1490000e+001	 -5.8830002e+001	 -8.9853003e+002	
  2.2850000e+001	 -5.8889999e+001	 -8.9940002e+002	
  2.4219999e+001	 -5.8939999e+001	 -9.0022998e+002	
  1.3500000e+000	 -6.0209999e+001	 -8.9909003e+002	
  2.6900000e+000	 -6.0169998e+001	 -8.9844000e+002	
  4.0300000e+000	 -6.0139999e+001	 -8.9796997e+002	
  5.3700000e+000	 -6.0119999e+001	 -8.9771002e+002	
  6.7100000e+000	 -6.0110001e+001	 -8.9750000e+002	
  8.0500000e+000	 -6.0099998e+001	 -8.9732001e+002	
  9.3900000e+000	 -6.0099998e+001	 -8.9733002e+002	
  1.0740000e+001	 -6.0119999e+001	 -8.9765002e+002	
  1.2080000e+001	 -6.0139999e+001	 -8.9795001e+002	
  1.3420000e+001	 -6.0139999e+001	 -8.9795001e+002	
  1.4760000e+001	 -6.0110001e+001	 -8.9757001e+002	
  1.6100000e+001	 -6.0099998e+001	 -8.9734003e+002	
  1.7440001e+001	 -6.0099998e+001	 -8.9745001e+002	
  1.8790001e+001	 -6.0119999e+001	 -8.9776001e+002	
  2.0139999e+001	 -6.0150002e+001	 -8.9810999e+002	
  2.1490000e+001	 -6.0169998e+001	 -8.9854999e+002	
  2.2850000e+001	 -6.0220001e+001	 -8.9923999e+002	
  8.0600000e+000	 -6.1459999e+001	 -8.9783002e+002	
  9.3900000e+000	 -6.1439999e+001	 -8.9750000e+002	
  1.0730000e+001	 -6.1430000e+001	 -8.9732001e+002	
  1.2070000e+001	 -6.1439999e+001	 -8.9738000e+002	
  1.3420000e+001	 -6.1439999e+001	 -8.9738000e+002	
  1.4760000e+001	 -6.1439999e+001	 -8.9751001e+002	
  1.6100000e+001	 -6.1459999e+001	 -8.9777002e+002	
