  1.0000000e-002	  3.0260000e+001	 -1.2289900e+003	
  1.2930000e+001	 -7.1500000e+000	 -1.2200300e+003	
  4.3100000e+000	 -4.2800000e+000	 -1.2192500e+003	
  1.1620000e+001	  6.2200001e+001	 -1.2345100e+003	
 -1.4400000e+000	  2.7379999e+001	 -1.2289000e+003	
  1.5990000e+001	  5.7900002e+001	 -1.2352800e+003	
  1.4250000e+001	  5.6800000e+000	 -1.2090400e+003	
 -1.4510000e+001	  1.4460000e+001	 -1.2335400e+003	
 -1.0060000e+001	  4.3000000e+000	 -1.2216801e+003	
  1.7450001e+001	  5.5029999e+001	 -1.2359100e+003	
  3.0450001e+001	  4.3400000e+000	 -1.2320300e+003	
  1.1460000e+001	  2.2820000e+001	 -1.2155800e+003	
  1.4600000e+000	  4.3430000e+001	 -1.2350900e+003	
 -8.5900000e+000	  1.4300000e+000	 -1.2172900e+003	
  1.2920000e+001	  2.4299999e+001	 -1.2185900e+003	
  2.9000000e+001	  1.0110000e+001	 -1.2319100e+003	
  2.6090000e+001	 -5.7700000e+000	 -1.2313400e+003	
 -4.3200000e+000	  1.7250000e+001	 -1.2260100e+003	
  2.4709999e+001	  2.1719999e+001	 -1.2353000e+003	
 -1.5980000e+001	  1.5920000e+001	 -1.2346801e+003	
  1.8950001e+001	  3.3389999e+001	 -1.2389800e+003	
 -1.3040000e+001	  7.2200000e+000	 -1.2319500e+003	
 -1.4490000e+001	  5.7800000e+000	 -1.2318600e+003	
 -1.5940000e+001	  8.6700000e+000	 -1.2317200e+003	
  7.1600000e+000	  2.4240000e+001	 -1.2153400e+003	
 -7.2100000e+000	 -4.3100000e+000	 -1.2261899e+003	
  8.5500000e+000	  1.8440001e+001	 -1.2088300e+003	
  1.0000000e-002	  1.7059999e+001	 -1.2115400e+003	
  1.1560000e+001	  3.7410000e+001	 -1.2271300e+003	
  1.4400000e+000	 -1.0010000e+001	 -1.2203900e+003	
  2.7480000e+001	  1.0000000e-002	 -1.2286300e+003	
  1.7100000e+001	  8.5200000e+000	 -1.2094900e+003	
  4.3600000e+000	  5.2070000e+001	 -1.2342300e+003	
  1.3080000e+001	  6.0759998e+001	 -1.2346200e+003	
 -5.8200000e+000	  2.9000000e+001	 -1.2373000e+003	
  1.1420000e+001	  1.9900000e+001	 -1.2114700e+003	
  1.0000000e-002	  3.6220001e+001	 -1.2363000e+003	
  1.7270000e+001	  2.0059999e+001	 -1.2218300e+003	
  4.3600000e+000	  4.4810001e+001	 -1.2333400e+003	
 -7.1900000e+000	 -1.4300000e+000	 -1.2232300e+003	
  2.8700000e+000	 -1.4200000e+000	 -1.2160500e+003	
  7.1100000e+000	  7.0800000e+000	 -1.2055200e+003	
  1.0060000e+001	 -1.0010000e+001	 -1.2196200e+003	
  1.5810000e+001	 -1.4300000e+000	 -1.2202700e+003	
 -1.5950000e+001	  1.1560000e+001	 -1.2326400e+003	
  1.8940001e+001	  3.1910000e+001	 -1.2378199e+003	
  7.2600000e+000	  4.9160000e+001	 -1.2335800e+003	
  1.7100000e+001	  1.2770000e+001	 -1.2091899e+003	
  8.5900000e+000	 -2.8500000e+000	 -1.2155000e+003	
 -1.7410000e+001	  1.3010000e+001	 -1.2333900e+003	
  1.5670000e+001	  1.4190000e+001	 -1.2087000e+003	
 -8.7200000e+000	  2.3170000e+001	 -1.2353600e+003	
  2.8500000e+000	  1.5590000e+001	 -1.2076400e+003	
  1.0000000e-002	  6.2220001e+001	 -1.2347900e+003	
  1.0000000e-002	  4.9259998e+001	 -1.2362900e+003	
  2.0170000e+001	 -1.0040000e+001	 -1.2234100e+003	
 -1.0130000e+001	  8.6600000e+000	 -1.2303700e+003	
  1.4370000e+001	 -4.2900000e+000	 -1.2204600e+003	
  2.1500000e+001	  5.7100000e+000	 -1.2168500e+003	
  2.8900000e+000	  3.3060001e+001	 -1.2259301e+003	
  1.4250000e+001	  1.5610000e+001	 -1.2088101e+003	
 -5.7100000e+000	  2.8500000e+000	 -1.2142300e+003	
  2.9100000e+000	  6.0759998e+001	 -1.2344900e+003	
  1.4390000e+001	  2.5799999e+001	 -1.2221200e+003	
  2.8500000e+000	  1.1320000e+001	 -1.2053600e+003	
  1.8969999e+001	  3.4880001e+001	 -1.2404000e+003	
  1.4300000e+000	  2.8400000e+000	 -1.2092200e+003	
  1.5870000e+001	  2.7299999e+001	 -1.2251500e+003	
 -7.1600000e+000	  5.7200000e+000	 -1.2174399e+003	
  2.3080000e+001	  1.0060000e+001	 -1.2249000e+003	
  9.9400000e+000	  1.4150000e+001	 -1.2051200e+003	
  1.1360000e+001	  1.2730000e+001	 -1.2048600e+003	
  7.1900000e+000	  3.0070000e+001	 -1.2207000e+003	
  4.2700000e+000	  1.0000000e-002	 -1.2075000e+003	
  2.9100000e+000	  6.2209999e+001	 -1.2345800e+003	
 -5.7600000e+000	 -8.6100000e+000	 -1.2254000e+003	
  5.7100000e+000	  1.9889999e+001	 -1.2107700e+003	
  2.0469999e+001	  4.0770000e+001	 -1.2427700e+003	
 -2.8500000e+000	  1.4230000e+001	 -1.2124800e+003	
 -5.8000000e+000	  2.4590000e+001	 -1.2339200e+003	
  1.4550000e+001	  4.9259998e+001	 -1.2362600e+003	
  1.4600000e+000	  5.0660000e+001	 -1.2351700e+003	
  2.8600000e+000	  1.0000000e-002	 -1.2115100e+003	
  2.3160000e+001	  1.4420000e+001	 -1.2296300e+003	
  1.4280000e+001	  1.4300000e+000	 -1.2120000e+003	
  4.3500000e+000	  3.8930000e+001	 -1.2298300e+003	
  2.0430000e+001	  4.7939999e+001	 -1.2399700e+003	
  5.8100000e+000	  6.0750000e+001	 -1.2342800e+003	
  2.7559999e+001	  8.6700000e+000	 -1.2323400e+003	
  1.0000000e-002	  2.8780001e+001	 -1.2271700e+003	
  1.4400000e+000	  2.1410000e+001	 -1.2165000e+003	
  7.1100000e+000	  1.5570000e+001	 -1.2060699e+003	
  2.0260000e+001	  2.1620001e+001	 -1.2294900e+003	
 -8.7500000e+000	  3.0520000e+001	 -1.2404500e+003	
  1.4600000e+000	  6.3660000e+001	 -1.2347300e+003	
  1.4400000e+001	  2.7250000e+001	 -1.2230300e+003	
  1.5850000e+001	  2.4400000e+001	 -1.2237200e+003	
 -1.4500000e+000	  4.0619999e+001	 -1.2379700e+003	
  7.1800000e+000	 -5.7100000e+000	 -1.2193199e+003	
  1.4370000e+001	 -2.8600000e+000	 -1.2198800e+003	
 -5.8400000e+000	  4.0740002e+001	 -1.2418800e+003	
  1.8570000e+001	  1.2800000e+001	 -1.2120699e+003	
  1.7139999e+001	  5.6900000e+000	 -1.2121100e+003	
  1.4600000e+000	  6.0759998e+001	 -1.2344700e+003	
  1.5740000e+001	  1.8530001e+001	 -1.2145100e+003	
  1.2930000e+001	 -1.1440000e+001	 -1.2195200e+003	
 -1.4300000e+000	 -1.4300000e+000	 -1.2223000e+003	
 -2.8800000e+000	  1.8660000e+001	 -1.2241200e+003	
  2.1740000e+001	  2.1660000e+001	 -1.2314700e+003	
  2.3250000e+001	  2.3150000e+001	 -1.2345300e+003	
  2.1920000e+001	  3.4919998e+001	 -1.2418400e+003	
  2.6230000e+001	  2.4670000e+001	 -1.2384700e+003	
  3.0459999e+001	 -5.7700000e+000	 -1.2325100e+003	
  1.0000000e-002	  4.7820000e+001	 -1.2364600e+003	
 -8.7300000e+000	  2.6100000e+001	 -1.2373600e+003	
  2.3360001e+001	  3.0540001e+001	 -1.2410500e+003	
  9.9700000e+000	  2.8400000e+000	 -1.2088101e+003	
  2.1580000e+001	  1.0000000e-002	 -1.2214500e+003	
  2.1840000e+001	  2.7559999e+001	 -1.2375200e+003	
 -4.3700000e+000	  4.7919998e+001	 -1.2393199e+003	
 -1.4500000e+000	  6.0779999e+001	 -1.2350100e+003	
  1.2920000e+001	 -2.8500000e+000	 -1.2185500e+003	
  8.5200000e+000	  1.1310000e+001	 -1.2040200e+003	
  1.5810000e+001	 -1.0010000e+001	 -1.2206000e+003	
 -7.2700000e+000	  2.7559999e+001	 -1.2375100e+003	
  5.7900000e+000	  3.8900002e+001	 -1.2288700e+003	
  1.2790000e+001	  9.9100000e+000	 -1.2052700e+003	
  1.6020000e+001	  4.6419998e+001	 -1.2377700e+003	
  8.7100000e+000	  4.7709999e+001	 -1.2335500e+003	
  5.8100000e+000	  5.4950001e+001	 -1.2339399e+003	
 -1.4500000e+000	  4.7849998e+001	 -1.2374100e+003	
 -4.3600000e+000	  5.6500000e+001	 -1.2363500e+003	
 -8.7000000e+000	  1.7340000e+001	 -1.2323600e+003	
 -8.6800000e+000	  1.4420000e+001	 -1.2299100e+003	
 -1.1540000e+001	  1.0000000e-002	 -1.2259200e+003	
  3.1900000e+001	 -2.8800000e+000	 -1.2319500e+003	
 -1.1620000e+001	  1.8820000e+001	 -1.2347900e+003	
  2.0240000e+001	 -5.7500000e+000	 -1.2277200e+003	
  1.5800000e+001	  2.1459999e+001	 -1.2198300e+003	
  2.4379999e+001	  1.4300000e+000	 -1.2175500e+003	
  1.0000000e-002	  1.4300000e+000	 -1.2131500e+003	
  2.4610001e+001	 -8.6400000e+000	 -1.2295300e+003	
  1.8950001e+001	  4.9340000e+001	 -1.2385400e+003	
 -1.4500000e+000	  5.0730000e+001	 -1.2368199e+003	
  2.0040001e+001	  1.1410000e+001	 -1.2151801e+003	
  2.9100000e+000	  5.2090000e+001	 -1.2346400e+003	
 -1.4500000e+000	  3.4799999e+001	 -1.2373800e+003	
  8.5300000e+000	  5.6700000e+000	 -1.2060601e+003	
  2.8800000e+000	 -8.5800000e+000	 -1.2201899e+003	
  2.6080000e+001	 -4.3200000e+000	 -1.2308600e+003	
  2.6100000e+001	  1.0110000e+001	 -1.2316700e+003	
  1.1390000e+001	  4.2600000e+000	 -1.2080300e+003	
  2.4440001e+001	  1.0000000e-002	 -1.2206700e+003	
 -1.3020000e+001	 -7.2000000e+000	 -1.2300000e+003	
  4.3600000e+000	  4.7730000e+001	 -1.2339700e+003	
  2.8500000e+000	  1.7030001e+001	 -1.2089700e+003	
  2.9100000e+000	  5.7880001e+001	 -1.2346500e+003	
  1.8969999e+001	  4.6490002e+001	 -1.2398500e+003	
  8.7200000e+000	  5.9299999e+001	 -1.2342900e+003	
 -1.4500000e+000	  4.4959999e+001	 -1.2376700e+003	
 -2.8900000e+000	  2.5969999e+001	 -1.2306100e+003	
  7.2600000e+000	  4.6250000e+001	 -1.2330400e+003	
  1.2950000e+001	  2.8660000e+001	 -1.2218800e+003	
  2.3320000e+001	  2.7590000e+001	 -1.2389100e+003	
  1.7510000e+001	  3.9230000e+001	 -1.2400200e+003	
 -1.0180000e+001	  2.3180000e+001	 -1.2360900e+003	
 -1.1550000e+001	 -1.0070000e+001	 -1.2277000e+003	
  1.1380000e+001	  1.5580000e+001	 -1.2068199e+003	
  1.4550000e+001	  4.2009998e+001	 -1.2359399e+003	
  2.0230000e+001	 -4.3100000e+000	 -1.2274399e+003	
  2.8800000e+000	 -4.2900000e+000	 -1.2200400e+003	
  3.0440001e+001	 -1.4400000e+000	 -1.2315800e+003	
  2.0440001e+001	  4.6520000e+001	 -1.2406400e+003	
  8.6700000e+000	  3.7389999e+001	 -1.2264000e+003	
 -1.1550000e+001	 -1.4300000e+000	 -1.2274000e+003	
  3.0450001e+001	  8.6700000e+000	 -1.2318800e+003	
  7.2600000e+000	  5.7849998e+001	 -1.2340601e+003	
 -7.2400000e+000	  1.8770000e+001	 -1.2319600e+003	
  8.7200000e+000	  5.3520000e+001	 -1.2341100e+003	
  3.0469999e+001	 -7.2200000e+000	 -1.2327100e+003	
  1.8540001e+001	  9.9500000e+000	 -1.2103900e+003	
  1.4540000e+001	  5.2130001e+001	 -1.2357700e+003	
 -5.8400000e+000	  3.9290001e+001	 -1.2420400e+003	
 -1.1570000e+001	 -7.2000000e+000	 -1.2294301e+003	
  1.1620000e+001	  6.0759998e+001	 -1.2344900e+003	
 -1.0120000e+001	 -5.7600000e+000	 -1.2289000e+003	
  1.0000000e+001	  2.1350000e+001	 -1.2127800e+003	
  5.7500000e+000	 -8.5700000e+000	 -1.2195000e+003	
  2.9100000e+000	  4.6299999e+001	 -1.2344600e+003	
  1.3080000e+001	  6.2220001e+001	 -1.2348101e+003	
 -4.3700000e+000	  3.1920000e+001	 -1.2382600e+003	
  2.4620001e+001	 -7.2000000e+000	 -1.2301400e+003	
  7.2700000e+000	  5.6400002e+001	 -1.2340800e+003	
  1.4300000e+000	  8.5000000e+000	 -1.2065900e+003	
  1.8870001e+001	  2.8910000e+001	 -1.2333400e+003	
  7.1800000e+000	 -1.0010000e+001	 -1.2196200e+003	
 -2.9100000e+000	  4.6450001e+001	 -1.2387000e+003	
  2.0450001e+001	  4.5080002e+001	 -1.2412700e+003	
 -1.1560000e+001	 -8.6400000e+000	 -1.2287700e+003	
  2.0440001e+001	  3.3439999e+001	 -1.2408000e+003	
  2.9000000e+000	  3.8970001e+001	 -1.2313800e+003	
  1.4490000e+001	  3.6070000e+001	 -1.2307000e+003	
  1.1630000e+001	  5.3540001e+001	 -1.2347100e+003	
  1.5680000e+001	  2.8400000e+000	 -1.2099700e+003	
  2.6120001e+001	  1.7340000e+001	 -1.2328400e+003	
  1.7280001e+001	 -7.1600000e+000	 -1.2229000e+003	
  1.4600000e+000	  5.9320000e+001	 -1.2347000e+003	
 -2.8500000e+000	  5.6900000e+000	 -1.2123199e+003	
  4.3000000e+000	  2.2820000e+001	 -1.2155000e+003	
  1.4380000e+001	  2.4340000e+001	 -1.2208600e+003	
  4.3600000e+000	  5.3520000e+001	 -1.2342900e+003	
 -1.4480000e+001	  1.4500000e+000	 -1.2307700e+003	
  1.0000000e-002	  3.1750000e+001	 -1.2309301e+003	
  4.2800000e+000	  1.8459999e+001	 -1.2097200e+003	
 -1.3070000e+001	  1.7370001e+001	 -1.2346300e+003	
  4.2700000e+000	  1.4160000e+001	 -1.2059500e+003	
  9.9400000e+000	  1.2730000e+001	 -1.2044200e+003	
  5.8100000e+000	  5.3509998e+001	 -1.2340500e+003	
  2.9100000e+000	  6.3660000e+001	 -1.2346899e+003	
  2.4799999e+001	  2.7600000e+001	 -1.2397700e+003	
  2.3350000e+001	  2.9070000e+001	 -1.2402100e+003	
 -1.4500000e+001	  1.3010000e+001	 -1.2325300e+003	
  2.9100000e+000	  5.6430000e+001	 -1.2347300e+003	
 -1.1570000e+001	 -4.3200000e+000	 -1.2294000e+003	
 -4.3200000e+000	 -1.4300000e+000	 -1.2239700e+003	
  1.7469999e+001	  5.0750000e+001	 -1.2374600e+003	
  1.7450001e+001	  5.6470001e+001	 -1.2355500e+003	
 -1.3020000e+001	 -4.3200000e+000	 -1.2301100e+003	
  2.3010000e+001	  1.0000000e-002	 -1.2209500e+003	
  1.4230000e+001	  1.4170000e+001	 -1.2070500e+003	
  2.5969999e+001	  4.3100000e+000	 -1.2253500e+003	
  1.6020000e+001	  3.9160000e+001	 -1.2375699e+003	
  2.8990000e+001	 -8.6600000e+000	 -1.2316700e+003	
  4.3600000e+000	  5.7860001e+001	 -1.2343199e+003	
 -1.5980000e+001	  1.7379999e+001	 -1.2352400e+003	
  2.6250000e+001	  2.6139999e+001	 -1.2393000e+003	
  7.1800000e+000	  2.8610001e+001	 -1.2194800e+003	
 -4.2800000e+000	  7.1200000e+000	 -1.2124301e+003	
  7.2600000e+000	  4.4779999e+001	 -1.2323400e+003	
  3.0450001e+001	  2.8900000e+000	 -1.2317500e+003	
  1.1520000e+001	  3.1540001e+001	 -1.2224700e+003	
  5.8100000e+000	  5.0610001e+001	 -1.2338500e+003	
 -8.6500000e+000	 -2.8700000e+000	 -1.2250300e+003	
  2.1520000e+001	  4.2900000e+000	 -1.2183199e+003	
  1.4300000e+000	  1.7040001e+001	 -1.2101300e+003	
  1.5990000e+001	  6.0779999e+001	 -1.2349000e+003	
  8.5600000e+000	  1.9889999e+001	 -1.2106400e+003	
  1.0170000e+001	  5.4970001e+001	 -1.2343199e+003	
  1.2780000e+001	  1.1320000e+001	 -1.2050400e+003	
  1.0000000e-002	  5.6800000e+000	 -1.2096300e+003	
  1.0080000e+001	  3.1530001e+001	 -1.2218700e+003	
  1.1630000e+001	  5.7869999e+001	 -1.2345699e+003	
 -1.4480000e+001	  2.8900000e+000	 -1.2311801e+003	
  1.8750000e+001	 -7.1700000e+000	 -1.2248000e+003	
  1.7440001e+001	  6.0779999e+001	 -1.2350000e+003	
 -1.1640000e+001	  2.3200001e+001	 -1.2370200e+003	
 -7.2900000e+000	  3.0510000e+001	 -1.2397500e+003	
  2.0170000e+001	  1.4350000e+001	 -1.2236801e+003	
  2.6049999e+001	 -2.8800000e+000	 -1.2295699e+003	
  8.6200000e+000	 -5.7100000e+000	 -1.2192800e+003	
  2.0459999e+001	  4.2200001e+001	 -1.2419800e+003	
  1.2930000e+001	 -8.5800000e+000	 -1.2198600e+003	
  2.1620001e+001	 -1.1480000e+001	 -1.2243300e+003	
  4.3200000e+000	  2.8650000e+001	 -1.2211899e+003	
  1.4500000e+000	  2.7270000e+001	 -1.2237800e+003	
  1.4550000e+001	  4.4919998e+001	 -1.2364000e+003	
  2.0230000e+001	  1.7270000e+001	 -1.2272500e+003	
  1.1630000e+001	  5.6430000e+001	 -1.2347300e+003	
  2.4629999e+001	 -5.7700000e+000	 -1.2307500e+003	
  1.0000000e-002	  4.4919998e+001	 -1.2364500e+003	
 -1.1540000e+001	  2.8800000e+000	 -1.2263600e+003	
 -7.1600000e+000	  1.4300000e+000	 -1.2178800e+003	
  1.5990000e+001	  5.6459999e+001	 -1.2354000e+003	
  8.6000000e+000	  2.5700001e+001	 -1.2169200e+003	
  9.9300000e+000	  1.0000000e-002	 -1.2037400e+003	
  1.1490000e+001	  2.7180000e+001	 -1.2196801e+003	
  1.7440001e+001	  5.9340000e+001	 -1.2351000e+003	
  2.8600000e+000	  1.9920000e+001	 -1.2123600e+003	
  8.6400000e+000	  3.1520000e+001	 -1.2217000e+003	
  9.9500000e+000	  5.6700000e+000	 -1.2063500e+003	
  2.0350000e+001	  2.7500000e+001	 -1.2348300e+003	
  1.7290001e+001	 -5.7300000e+000	 -1.2235000e+003	
  1.0170000e+001	  6.0750000e+001	 -1.2342600e+003	
  2.1690001e+001	 -4.3100000e+000	 -1.2283700e+003	
  1.8570000e+001	  7.1100000e+000	 -1.2121000e+003	
 -8.7100000e+000	  2.0250000e+001	 -1.2339900e+003	
  9.9800000e+000	  1.8450001e+001	 -1.2091400e+003	
  1.1470000e+001	  2.4270000e+001	 -1.2170000e+003	
 -8.6800000e+000	  1.1540000e+001	 -1.2303700e+003	
  2.9020000e+001	  1.4460000e+001	 -1.2330000e+003	
  1.4300000e+000	  5.6800000e+000	 -1.2083400e+003	
 -4.2800000e+000	  4.2800000e+000	 -1.2136899e+003	
 -4.3600000e+000	  5.3639999e+001	 -1.2371200e+003	
  7.1500000e+000	  2.1340000e+001	 -1.2125400e+003	
  1.2790000e+001	  1.4160000e+001	 -1.2059399e+003	
  1.8990000e+001	  4.0730000e+001	 -1.2414200e+003	
  2.5959999e+001	  1.0000000e-002	 -1.2249200e+003	
  1.4540000e+001	  5.5009998e+001	 -1.2353199e+003	
  1.4600000e+000	  4.4880001e+001	 -1.2353800e+003	
  1.8809999e+001	  2.4490000e+001	 -1.2288199e+003	
  8.5700000e+000	  2.1340000e+001	 -1.2124000e+003	
  8.6400000e+000	  3.2990002e+001	 -1.2228700e+003	
  2.0209999e+001	 -7.1800000e+000	 -1.2261600e+003	
  1.0050000e+001	 -5.7100000e+000	 -1.2193800e+003	
  1.3010000e+001	  3.5970001e+001	 -1.2271200e+003	
  1.5860000e+001	  2.5850000e+001	 -1.2245400e+003	
  1.7500000e+001	  4.5020000e+001	 -1.2394600e+003	
  5.6800000e+000	  8.4900000e+000	 -1.2048900e+003	
  7.1000000e+000	  1.2730000e+001	 -1.2044800e+003	
  4.3300000e+000	  3.3029999e+001	 -1.2244700e+003	
  1.3080000e+001	  5.6439999e+001	 -1.2350000e+003	
 -5.7600000e+000	 -1.4300000e+000	 -1.2237000e+003	
  2.9000000e+000	  3.7490002e+001	 -1.2300400e+003	
  1.0170000e+001	  4.7720001e+001	 -1.2338300e+003	
  1.2900000e+001	  2.2840000e+001	 -1.2170500e+003	
  2.4660000e+001	  1.8790001e+001	 -1.2326100e+003	
  8.5200000e+000	  8.4900000e+000	 -1.2048500e+003	
  1.4260000e+001	  4.2600000e+000	 -1.2102500e+003	
  2.9010000e+001	 -7.2200000e+000	 -1.2325000e+003	
  1.4550000e+001	  4.6369999e+001	 -1.2365900e+003	
  1.8740000e+001	  1.8670000e+001	 -1.2244900e+003	
  2.0040001e+001	  5.7100000e+000	 -1.2149100e+003	
  1.0000000e-002	  8.5100000e+000	 -1.2076000e+003	
  1.4500000e+000	  3.0190001e+001	 -1.2259200e+003	
  1.1400000e+001	  2.8400000e+000	 -1.2095699e+003	
  1.0170000e+001	  5.9310001e+001	 -1.2344200e+003	
  2.0160000e+001	  1.0000000e-002	 -1.2229700e+003	
  5.7700000e+000	  3.4470001e+001	 -1.2246400e+003	
 -2.9100000e+000	  3.1900000e+001	 -1.2372700e+003	
  1.0000000e-002	  1.4180000e+001	 -1.2084301e+003	
 -8.7400000e+000	  2.9049999e+001	 -1.2395800e+003	
 -7.1600000e+000	  2.8600000e+000	 -1.2164900e+003	
  5.8100000e+000	  5.2070000e+001	 -1.2342100e+003	
  1.8900000e+001	  3.0410000e+001	 -1.2354500e+003	
  9.9500000e+000	  7.0800000e+000	 -1.2057000e+003	
 -1.0200000e+001	  2.7600000e+001	 -1.2395200e+003	
  1.8980000e+001	  4.3619999e+001	 -1.2408700e+003	
 -1.4400000e+000	  2.5910000e+001	 -1.2278400e+003	
 -2.9000000e+000	  5.6490002e+001	 -1.2361200e+003	
  1.0000000e-002	  5.0700001e+001	 -1.2359500e+003	
 -1.3020000e+001	  2.8900000e+000	 -1.2300601e+003	
  1.0000000e-002	 -7.1600000e+000	 -1.2219700e+003	
 -1.7400000e+001	  1.1560000e+001	 -1.2329200e+003	
  1.1580000e+001	  3.8900002e+001	 -1.2290000e+003	
  1.1480000e+001	  2.5719999e+001	 -1.2182600e+003	
  1.1630000e+001	  5.4980000e+001	 -1.2346100e+003	
  2.8500000e+000	  1.4160000e+001	 -1.2065100e+003	
  1.4600000e+000	  4.9220001e+001	 -1.2352600e+003	
 -1.0120000e+001	 -7.2000000e+000	 -1.2287100e+003	
  1.0000000e-002	 -4.2900000e+000	 -1.2226000e+003	
  5.7500000e+000	 -5.7100000e+000	 -1.2194100e+003	
  7.1300000e+000	  1.8440001e+001	 -1.2088600e+003	
  1.6030001e+001	  4.4980000e+001	 -1.2380900e+003	
  1.8780001e+001	  2.1590000e+001	 -1.2272800e+003	
 -1.3070000e+001	  1.8820000e+001	 -1.2350000e+003	
  1.7090000e+001	  9.9300000e+000	 -1.2086000e+003	
 -7.2100000e+000	 -7.1900000e+000	 -1.2269100e+003	
  2.3139999e+001	 -8.6300000e+000	 -1.2282900e+003	
 -1.4200000e+000	  1.2770000e+001	 -1.2086600e+003	
  1.8980000e+001	  3.7799999e+001	 -1.2409200e+003	
 -2.9000000e+000	  5.9360001e+001	 -1.2354301e+003	
  7.2000000e+000	  3.2990002e+001	 -1.2230900e+003	
  1.7260000e+001	 -1.0020000e+001	 -1.2215400e+003	
  1.7120001e+001	  7.1100000e+000	 -1.2105300e+003	
 -1.4500000e+000	  4.2080002e+001	 -1.2383800e+003	
 -5.8400000e+000	  3.7820000e+001	 -1.2415300e+003	
  1.4500000e+000	  2.8730000e+001	 -1.2247800e+003	
  7.1700000e+000	  2.5700001e+001	 -1.2168800e+003	
  1.8580000e+001	  4.2700000e+000	 -1.2131400e+003	
 -1.5920000e+001	 -1.4400000e+000	 -1.2304900e+003	
  4.3000000e+000	  2.4270000e+001	 -1.2170000e+003	
  2.1940001e+001	  3.7869999e+001	 -1.2431500e+003	
  1.4600000e+000	  5.6439999e+001	 -1.2349399e+003	
 -5.7600000e+000	 -1.0040000e+001	 -1.2240400e+003	
  1.5710000e+001	  1.7070000e+001	 -1.2124600e+003	
 -1.5930000e+001	  7.2200000e+000	 -1.2314301e+003	
 -1.5930000e+001	  4.3300000e+000	 -1.2314200e+003	
  1.4600000e+000	  5.5000000e+001	 -1.2350300e+003	
  9.9400000e+000	  8.4900000e+000	 -1.2050500e+003	
  4.3600000e+000	  6.0759998e+001	 -1.2344100e+003	
  1.7299999e+001	  2.1540001e+001	 -1.2242700e+003	
 -1.0150000e+001	  1.7350000e+001	 -1.2334100e+003	
  4.3100000e+000	 -1.1430000e+001	 -1.2191100e+003	
  2.0309999e+001	  2.6010000e+001	 -1.2326700e+003	
  2.8500000e+000	  8.4900000e+000	 -1.2058400e+003	
 -1.1560000e+001	 -2.8700000e+000	 -1.2284700e+003	
 -1.4300000e+000	  2.0049999e+001	 -1.2211400e+003	
  4.3100000e+000	  2.7190001e+001	 -1.2199500e+003	
  1.0000000e-002	  2.2930000e+001	 -1.2218600e+003	
  5.6900000e+000	  1.4150000e+001	 -1.2055800e+003	
  1.1630000e+001	  5.0639999e+001	 -1.2346200e+003	
  1.8770000e+001	 -4.3100000e+000	 -1.2262200e+003	
  1.7440001e+001	  5.7900002e+001	 -1.2351500e+003	
  2.8700000e+000	  2.2840000e+001	 -1.2165601e+003	
  1.3090000e+001	  4.7779999e+001	 -1.2354200e+003	
  2.8800000e+000	  2.5770000e+001	 -1.2204200e+003	
  2.2950001e+001	  5.7200000e+000	 -1.2177700e+003	
  4.2800000e+000	  1.4200000e+000	 -1.2091300e+003	
 -5.7600000e+000	  1.2930000e+001	 -1.2247600e+003	
  8.7200000e+000	  6.0740002e+001	 -1.2340699e+003	
  1.1600000e+001	  4.1880001e+001	 -1.2320200e+003	
  5.6800000e+000	  9.9000000e+000	 -1.2046200e+003	
  2.2940001e+001	  2.8600000e+000	 -1.2171100e+003	
  1.4400000e+000	  2.4340000e+001	 -1.2208900e+003	
  1.0000000e-002	 -5.7300000e+000	 -1.2222600e+003	
  4.2600000e+000	  9.9000000e+000	 -1.2050699e+003	
 -5.8100000e+000	  2.7530001e+001	 -1.2362900e+003	
  1.0170000e+001	  4.9180000e+001	 -1.2341100e+003	
  1.1490000e+001	 -5.7200000e+000	 -1.2198101e+003	
 -8.7100000e+000	  2.1709999e+001	 -1.2346700e+003	
  5.7100000e+000	 -1.4200000e+000	 -1.2109700e+003	
  1.0000000e-002	  3.7660000e+001	 -1.2357600e+003	
  1.0000000e-002	  1.8520000e+001	 -1.2139900e+003	
  1.8940001e+001	  5.0770000e+001	 -1.2378700e+003	
 -1.4530000e+001	  1.8830000e+001	 -1.2356700e+003	
  8.7000000e+000	  4.3310001e+001	 -1.2314700e+003	
  1.7090000e+001	  1.1350000e+001	 -1.2081899e+003	
  1.6010000e+001	  5.0730000e+001	 -1.2368700e+003	
  1.7459999e+001	  3.3330002e+001	 -1.2364000e+003	
  2.9100000e+000	  5.3540001e+001	 -1.2347600e+003	
  1.8719999e+001	 -1.0030000e+001	 -1.2225400e+003	
  1.0000000e-002	  6.0770000e+001	 -1.2346200e+003	
  1.5880000e+001	  2.8750000e+001	 -1.2257100e+003	
  1.2790000e+001	  8.5000000e+000	 -1.2059399e+003	
 -1.3110000e+001	  2.4680000e+001	 -1.2388300e+003	
  1.0000000e-002	  4.3470001e+001	 -1.2364399e+003	
 -1.7370001e+001	  1.0000000e-002	 -1.2303199e+003	
  1.0000000e-002	 -1.0020000e+001	 -1.2210300e+003	
 -7.2500000e+000	  2.1690001e+001	 -1.2335000e+003	
  1.8799999e+001	  2.3040001e+001	 -1.2281500e+003	
  2.0110001e+001	  1.2880000e+001	 -1.2195699e+003	
  5.7800000e+000	  3.5950001e+001	 -1.2261899e+003	
 -2.9100000e+000	  5.2189999e+001	 -1.2370300e+003	
  1.5690000e+001	  5.6800000e+000	 -1.2101899e+003	
 -1.4470000e+001	 -1.4400000e+000	 -1.2305100e+003	
  7.2700000e+000	  6.5099998e+001	 -1.2346200e+003	
  1.2840000e+001	  1.8469999e+001	 -1.2109301e+003	
 -1.0100000e+001	 -1.0060000e+001	 -1.2265300e+003	
  2.1700001e+001	  1.7290001e+001	 -1.2291000e+003	
  2.9100000e+000	  4.1910000e+001	 -1.2329399e+003	
  1.0000000e-002	  4.2020000e+001	 -1.2363600e+003	
 -8.6800000e+000	  1.0100000e+001	 -1.2299800e+003	
  8.5300000e+000	  1.4150000e+001	 -1.2052800e+003	
 -4.3700000e+000	  4.5040001e+001	 -1.2400900e+003	
 -2.8800000e+000	 -1.4300000e+000	 -1.2235900e+003	
  1.7120001e+001	  1.4210000e+001	 -1.2109100e+003	
  1.2930000e+001	  2.5750000e+001	 -1.2198101e+003	
  9.9700000e+000	  1.4200000e+000	 -1.2079399e+003	
  1.0070000e+001	  3.0070000e+001	 -1.2209301e+003	
  5.8100000e+000	  5.9299999e+001	 -1.2341300e+003	
  5.7500000e+000	 -1.0010000e+001	 -1.2196100e+003	
 -1.3090000e+001	  2.1740000e+001	 -1.2367200e+003	
 -1.0180000e+001	  2.4650000e+001	 -1.2371100e+003	
  4.3400000e+000	  3.5980000e+001	 -1.2273000e+003	
  4.3100000e+000	 -8.5800000e+000	 -1.2196899e+003	
  5.7000000e+000	  2.8400000e+000	 -1.2088199e+003	
  1.5830000e+001	 -5.7300000e+000	 -1.2217800e+003	
 -8.6000000e+000	  2.8600000e+000	 -1.2178500e+003	
  1.1630000e+001	  4.9200001e+001	 -1.2346000e+003	
  5.7300000e+000	  2.4250000e+001	 -1.2159900e+003	
 -1.0170000e+001	  2.1719999e+001	 -1.2354900e+003	
 -4.3600000e+000	  5.2209999e+001	 -1.2376500e+003	
 -2.9000000e+000	  5.5049999e+001	 -1.2361600e+003	
  4.3300000e+000	  3.4500000e+001	 -1.2257700e+003	
  1.4540000e+001	  5.3580002e+001	 -1.2357100e+003	
  1.1380000e+001	  5.6700000e+000	 -1.2068900e+003	
 -5.7300000e+000	  1.4300000e+000	 -1.2175300e+003	
 -1.0060000e+001	  1.0000000e-002	 -1.2219500e+003	
  5.7000000e+000	  1.8450001e+001	 -1.2093199e+003	
  5.7600000e+000	  3.0080000e+001	 -1.2211500e+003	
  1.0100000e+001	  3.5919998e+001	 -1.2252900e+003	
  1.8730000e+001	 -8.6000000e+000	 -1.2234600e+003	
  5.8100000e+000	  4.6250000e+001	 -1.2331300e+003	
  1.4300000e+000	  1.1330000e+001	 -1.2059900e+003	
  2.3200001e+001	  2.0219999e+001	 -1.2320000e+003	
  5.8100000e+000	  4.7709999e+001	 -1.2336300e+003	
  1.4380000e+001	 -7.1500000e+000	 -1.2206200e+003	
  1.8760000e+001	 -5.7400000e+000	 -1.2257100e+003	
 -1.5930000e+001	  2.8900000e+000	 -1.2310699e+003	
 -2.9100000e+000	  3.7759998e+001	 -1.2392800e+003	
 -1.4500000e+000	  4.6410000e+001	 -1.2375601e+003	
  4.3100000e+000	  2.5730000e+001	 -1.2184800e+003	
 -1.3040000e+001	  5.7800000e+000	 -1.2316801e+003	
 -5.7800000e+000	  1.8740000e+001	 -1.2295000e+003	
  1.8709999e+001	 -1.1460000e+001	 -1.2219600e+003	
  1.7459999e+001	  5.3610001e+001	 -1.2365800e+003	
  1.7510000e+001	  4.0680000e+001	 -1.2398600e+003	
  2.8800000e+000	  2.8680000e+001	 -1.2226899e+003	
  1.4300000e+000	  7.0900000e+000	 -1.2074000e+003	
  9.9400000e+000	  9.9000000e+000	 -1.2045300e+003	
  2.1520000e+001	  1.4300000e+000	 -1.2180000e+003	
  2.3379999e+001	  3.3470001e+001	 -1.2419700e+003	
  2.6170000e+001	  2.0270000e+001	 -1.2352400e+003	
  2.9040001e+001	  1.5910000e+001	 -1.2338400e+003	
  7.2700000e+000	  5.9299999e+001	 -1.2341300e+003	
  5.7900000e+000	  4.0369999e+001	 -1.2297100e+003	
  1.6020000e+001	  4.7849998e+001	 -1.2374900e+003	
  2.4469999e+001	  7.1700000e+000	 -1.2222700e+003	
  8.6100000e+000	 -4.2800000e+000	 -1.2181801e+003	
 -4.3700000e+000	  3.9250000e+001	 -1.2407400e+003	
  2.9000000e+000	  3.6020000e+001	 -1.2290100e+003	
 -4.3400000e+000	  2.0180000e+001	 -1.2293700e+003	
  1.0000000e-002	  2.4389999e+001	 -1.2236000e+003	
  2.4620001e+001	  1.4430000e+001	 -1.2303000e+003	
 -1.4470000e+001	  1.0000000e-002	 -1.2304800e+003	
 -5.7400000e+000	  1.0000000e-002	 -1.2209200e+003	
  7.2600000e+000	  5.0610001e+001	 -1.2337100e+003	
  1.0000000e-002	 -8.5900000e+000	 -1.2212900e+003	
  1.6020000e+001	  4.3520000e+001	 -1.2378500e+003	
  7.2500000e+000	  4.3310001e+001	 -1.2314200e+003	
 -5.8400000e+000	  4.2189999e+001	 -1.2417800e+003	
  3.1889999e+001	 -1.4400000e+000	 -1.2316300e+003	
  2.0209999e+001	  1.5820000e+001	 -1.2259399e+003	
  1.5650000e+001	  1.2760000e+001	 -1.2073300e+003	
 -4.2800000e+000	  1.1380000e+001	 -1.2123300e+003	
  2.8500000e+000	  7.0800000e+000	 -1.2066100e+003	
  8.6100000e+000	  2.7150000e+001	 -1.2181801e+003	
  2.4440001e+001	  5.7300000e+000	 -1.2210200e+003	
  2.0030001e+001	  2.8500000e+000	 -1.2145200e+003	
  1.5820000e+001	 -8.5900000e+000	 -1.2209500e+003	
  1.5690000e+001	  1.5630000e+001	 -1.2105601e+003	
  2.9010000e+001	  7.2300000e+000	 -1.2323600e+003	
  2.9100000e+000	  6.5120003e+001	 -1.2349900e+003	
  2.4820000e+001	  2.9080000e+001	 -1.2407700e+003	
  2.1709999e+001	  1.8740000e+001	 -1.2293400e+003	
  5.6900000e+000	  4.2500000e+000	 -1.2071801e+003	
  2.9010000e+001	 -5.7700000e+000	 -1.2322900e+003	
  2.3280001e+001	  2.4629999e+001	 -1.2362300e+003	
  1.4220000e+001	  8.5000000e+000	 -1.2067300e+003	
 -4.3700000e+000	  4.9349998e+001	 -1.2386400e+003	
  7.2600000e+000	  6.0740002e+001	 -1.2340900e+003	
  2.1600000e+001	  1.1480000e+001	 -1.2231100e+003	
  2.7590000e+001	  1.7360001e+001	 -1.2340000e+003	
 -2.8600000e+000	  1.5700000e+001	 -1.2167200e+003	
  1.5990000e+001	  6.2230000e+001	 -1.2350100e+003	
  1.4430000e+001	  3.1610001e+001	 -1.2251200e+003	
 -4.3700000e+000	  4.0709999e+001	 -1.2407900e+003	
 -1.0070000e+001	  5.7400000e+000	 -1.2230200e+003	
  2.9000000e+001	  1.1560000e+001	 -1.2318199e+003	
  7.1800000e+000	 -1.1430000e+001	 -1.2194100e+003	
  1.3080000e+001	  5.7880001e+001	 -1.2348800e+003	
  1.7150000e+001	  2.8500000e+000	 -1.2132300e+003	
  2.7510000e+001	 -1.0090000e+001	 -1.2300601e+003	
  4.2800000e+000	  2.8400000e+000	 -1.2092800e+003	
 -4.3100000e+000	  1.0000000e-002	 -1.2212400e+003	
  1.7490000e+001	  3.4830002e+001	 -1.2383600e+003	
  2.8980000e+001	  1.0000000e-002	 -1.2308101e+003	
 -2.9100000e+000	  4.5000000e+001	 -1.2388300e+003	
  2.1490000e+001	  2.8600000e+000	 -1.2162300e+003	
  8.7200000e+000	  6.3639999e+001	 -1.2342400e+003	
  1.2940000e+001	 -5.7200000e+000	 -1.2203101e+003	
  1.4550000e+001	  5.0700001e+001	 -1.2360900e+003	
  8.6600000e+000	  3.5919998e+001	 -1.2252900e+003	
  1.8889999e+001	  5.7880001e+001	 -1.2348500e+003	
  7.2600000e+000	  5.4950001e+001	 -1.2339399e+003	
  8.5300000e+000	  7.0800000e+000	 -1.2055200e+003	
  1.0050000e+001	 -4.2800000e+000	 -1.2183600e+003	
  4.3600000e+000	  6.2200001e+001	 -1.2344000e+003	
  7.2300000e+000	  3.8869999e+001	 -1.2280300e+003	
  1.0000000e-002	  5.6450001e+001	 -1.2352300e+003	
  1.7469999e+001	  5.2169998e+001	 -1.2367800e+003	
 -5.7200000e+000	  9.9900000e+000	 -1.2161300e+003	
  3.0440001e+001	  1.4500000e+000	 -1.2315400e+003	
  7.1000000e+000	  9.9000000e+000	 -1.2042900e+003	
  1.0000000e-002	  5.9340000e+001	 -1.2349800e+003	
  1.5840000e+001	  2.2940001e+001	 -1.2223199e+003	
  7.2700000e+000	  6.3650002e+001	 -1.2344200e+003	
  5.8100000e+000	  6.5099998e+001	 -1.2345601e+003	
  4.2600000e+000	  1.1320000e+001	 -1.2048900e+003	
 -1.4500000e+000	  6.2220001e+001	 -1.2349100e+003	
  2.0400000e+001	  3.0469999e+001	 -1.2382200e+003	
  2.7490000e+001	  2.8900000e+000	 -1.2291200e+003	
  3.1889999e+001	  1.0000000e-002	 -1.2314100e+003	
  1.8719999e+001	  1.0000000e-002	 -1.2225400e+003	
 -1.3020000e+001	 -2.8800000e+000	 -1.2293800e+003	
  2.7540001e+001	  1.1550000e+001	 -1.2314700e+003	
  2.6219999e+001	  2.3209999e+001	 -1.2376700e+003	
  1.2800000e+001	  7.0800000e+000	 -1.2067000e+003	
 -7.2300000e+000	  1.2970000e+001	 -1.2288600e+003	
  1.0000000e-002	  5.5020000e+001	 -1.2354200e+003	
  7.2300000e+000	  3.7400002e+001	 -1.2267600e+003	
 -1.3040000e+001	  8.6700000e+000	 -1.2318900e+003	
  2.8700000e+000	 -2.8500000e+000	 -1.2187400e+003	
  1.3090000e+001	  4.6330002e+001	 -1.2352600e+003	
  1.7500000e+001	  3.7759998e+001	 -1.2394900e+003	
  1.7290001e+001	 -4.3000000e+000	 -1.2239700e+003	
  4.2700000e+000	  1.5580000e+001	 -1.2069900e+003	
 -1.4500000e+000	  3.7709999e+001	 -1.2377400e+003	
 -1.4200000e+000	  5.6900000e+000	 -1.2108700e+003	
  1.0020000e+001	  2.2799999e+001	 -1.2146000e+003	
  2.4549999e+001	  8.6300000e+000	 -1.2267300e+003	
  1.4400000e+000	 -4.2900000e+000	 -1.2213101e+003	
  8.5500000e+000	  1.4200000e+000	 -1.2091700e+003	
  1.1440000e+001	 -1.4200000e+000	 -1.2133199e+003	
  2.0090000e+001	  1.4300000e+000	 -1.2180400e+003	
 -8.6500000e+000	 -1.0050000e+001	 -1.2257300e+003	
  2.7580000e+001	  1.5900000e+001	 -1.2331500e+003	
  1.4300000e+000	  1.4200000e+000	 -1.2105500e+003	
  2.6090000e+001	  8.6600000e+000	 -1.2312300e+003	
  2.3139999e+001	 -4.3200000e+000	 -1.2286899e+003	
 -4.2800000e+000	  9.9500000e+000	 -1.2113300e+003	
 -1.4500000e+000	  3.1850000e+001	 -1.2351300e+003	
  1.7340000e+001	  2.7350000e+001	 -1.2276200e+003	
 -2.8700000e+000	  1.0000000e-002	 -1.2208101e+003	
  4.3400000e+000	  3.7450001e+001	 -1.2286400e+003	
  1.3040000e+001	  3.8959999e+001	 -1.2310100e+003	
  5.6900000e+000	  1.5580000e+001	 -1.2066801e+003	
  1.7500000e+001	  3.6310001e+001	 -1.2394399e+003	
  2.3100000e+001	 -1.0060000e+001	 -1.2260601e+003	
  1.8900000e+001	  5.6450001e+001	 -1.2351700e+003	
 -7.3000000e+000	  3.4919998e+001	 -1.2416400e+003	
  1.4350000e+001	 -1.4200000e+000	 -1.2179900e+003	
  1.4300000e+000	  1.8490000e+001	 -1.2118101e+003	
  7.1300000e+000	  1.4200000e+000	 -1.2091801e+003	
  1.1490000e+001	 -4.2800000e+000	 -1.2190100e+003	
  1.7290001e+001	 -2.8600000e+000	 -1.2237200e+003	
 -2.9100000e+000	  5.0759998e+001	 -1.2376600e+003	
 -5.8000000e+000	  2.3120001e+001	 -1.2328300e+003	
  1.8549999e+001	  8.5300000e+000	 -1.2110100e+003	
 -1.3040000e+001	  1.0110000e+001	 -1.2315400e+003	
  1.0000000e-002	  2.7320000e+001	 -1.2260800e+003	
  1.8760000e+001	 -1.4300000e+000	 -1.2253900e+003	
  2.1940001e+001	  3.9330002e+001	 -1.2434200e+003	
  2.4610001e+001	 -4.3200000e+000	 -1.2297300e+003	
 -1.4200000e+000	  9.9300000e+000	 -1.2082900e+003	
 -1.0100000e+001	 -2.8700000e+000	 -1.2267300e+003	
  1.0000000e-002	 -1.1440000e+001	 -1.2205900e+003	
  1.4210000e+001	  9.9100000e+000	 -1.2059700e+003	
  7.1800000e+000	  2.7150000e+001	 -1.2182800e+003	
  1.5770000e+001	  1.9990000e+001	 -1.2171500e+003	
  7.1100000e+000	  5.6700000e+000	 -1.2060400e+003	
 -1.1650000e+001	  2.6129999e+001	 -1.2388700e+003	
 -1.1590000e+001	  1.1550000e+001	 -1.2312100e+003	
  1.8660000e+001	  1.5730000e+001	 -1.2186801e+003	
  1.2930000e+001	 -4.2900000e+000	 -1.2195200e+003	
  1.0170000e+001	  5.6410000e+001	 -1.2342700e+003	
  1.4300000e+000	  4.2600000e+000	 -1.2094900e+003	
  5.8100000e+000	  6.3650002e+001	 -1.2345500e+003	
 -1.4300000e+000	 -8.5900000e+000	 -1.2220500e+003	
  1.5920000e+001	  3.1700001e+001	 -1.2290500e+003	
  1.6030001e+001	  4.2070000e+001	 -1.2380000e+003	
  2.0400000e+001	  5.0790001e+001	 -1.2384000e+003	
  4.2700000e+000	  8.4900000e+000	 -1.2053300e+003	
  2.6100000e+001	  1.5890000e+001	 -1.2319600e+003	
  2.9010000e+001	  4.3400000e+000	 -1.2321600e+003	
 -7.2800000e+000	  2.9030001e+001	 -1.2385100e+003	
  2.9070000e+001	  1.7370001e+001	 -1.2349399e+003	
  2.1690001e+001	  1.4400000e+001	 -1.2283600e+003	
  1.4400000e+000	 -8.5800000e+000	 -1.2206700e+003	
  2.3170000e+001	  1.7309999e+001	 -1.2300500e+003	
  1.0150000e+001	  4.1849998e+001	 -1.2309100e+003	
  2.3150000e+001	 -7.2000000e+000	 -1.2293199e+003	
 -1.4300000e+000	 -7.1600000e+000	 -1.2228900e+003	
  1.1470000e+001	 -2.8500000e+000	 -1.2174500e+003	
  1.4300000e+000	  1.4170000e+001	 -1.2073300e+003	
  5.8100000e+000	  5.7849998e+001	 -1.2341300e+003	
  2.3299999e+001	  2.6110001e+001	 -1.2377100e+003	
 -1.4300000e+000	  1.7100000e+001	 -1.2144301e+003	
  5.7500000e+000	  2.8620001e+001	 -1.2199600e+003	
  1.4600000e+000	  3.9040001e+001	 -1.2334800e+003	
  1.8959999e+001	  4.7919998e+001	 -1.2391700e+003	
  1.4530000e+001	  6.2230000e+001	 -1.2350900e+003	
  1.0090000e+001	  3.4450001e+001	 -1.2240100e+003	
  1.7250000e+001	  1.0000000e-002	 -1.2209100e+003	
 -8.6300000e+000	 -1.4300000e+000	 -1.2223199e+003	
  1.5670000e+001	  7.1000000e+000	 -1.2089900e+003	
  2.1719999e+001	  2.0190001e+001	 -1.2301000e+003	
  1.6000000e+001	  3.6209999e+001	 -1.2357700e+003	
 -4.3100000e+000	 -1.0030000e+001	 -1.2231899e+003	
 -1.4400000e+000	  2.1520000e+001	 -1.2235601e+003	
 -1.5920000e+001	  1.4500000e+000	 -1.2304700e+003	
  1.4600000e+000	  5.7889999e+001	 -1.2349600e+003	
 -1.5930000e+001	 -5.7700000e+000	 -1.2308600e+003	
  2.7510000e+001	 -1.4400000e+000	 -1.2299700e+003	
 -2.9100000e+000	  3.6299999e+001	 -1.2392400e+003	
 -1.7370001e+001	  1.4500000e+000	 -1.2305500e+003	
 -5.7200000e+000	  4.2800000e+000	 -1.2159399e+003	
  1.2980000e+001	  3.3020000e+001	 -1.2241801e+003	
  1.7320000e+001	  2.3000000e+001	 -1.2257400e+003	
 -1.4470000e+001	 -7.2100000e+000	 -1.2303500e+003	
 -2.9000000e+000	  5.7919998e+001	 -1.2356600e+003	
 -1.5970000e+001	  1.4470000e+001	 -1.2339100e+003	
  1.0110000e+001	  3.7389999e+001	 -1.2264399e+003	
 -2.9100000e+000	  3.4840000e+001	 -1.2388800e+003	
  7.1800000e+000	 -4.2800000e+000	 -1.2183101e+003	
  7.2000000e+000	  3.1530001e+001	 -1.2217900e+003	
  2.1760000e+001	  2.3120001e+001	 -1.2326801e+003	
  2.0370001e+001	  2.8990000e+001	 -1.2365601e+003	
 -1.4550000e+001	  2.1750000e+001	 -1.2372800e+003	
  1.1490000e+001	 -7.1500000e+000	 -1.2196700e+003	
  1.1370000e+001	  1.4150000e+001	 -1.2053900e+003	
  2.7540001e+001	 -4.3300000e+000	 -1.2316400e+003	
 -1.3100000e+001	  2.3209999e+001	 -1.2377700e+003	
  2.8969999e+001	 -1.0090000e+001	 -1.2307700e+003	
  1.0150000e+001	  4.3330002e+001	 -1.2320900e+003	
  5.7600000e+000	  3.1540001e+001	 -1.2223700e+003	
  2.5930000e+001	  1.4400000e+000	 -1.2232400e+003	
  1.0040000e+001	  2.5709999e+001	 -1.2173300e+003	
  1.1510000e+001	  3.0090000e+001	 -1.2217400e+003	
 -1.3060000e+001	  1.5910000e+001	 -1.2339399e+003	
  8.7100000e+000	  4.4790001e+001	 -1.2325300e+003	
 -7.2300000e+000	  1.5850000e+001	 -1.2293000e+003	
  2.8500000e+000	  1.4200000e+000	 -1.2084500e+003	
 -5.7100000e+000	  8.5500000e+000	 -1.2138700e+003	
  2.1700001e+001	  1.5850000e+001	 -1.2288199e+003	
  1.4400000e+000	 -5.7200000e+000	 -1.2212700e+003	
  3.0450001e+001	  7.2200000e+000	 -1.2319600e+003	
  8.6900000e+000	  4.1830002e+001	 -1.2303700e+003	
  9.9500000e+000	  1.5580000e+001	 -1.2062300e+003	
  1.4440000e+001	  3.3070000e+001	 -1.2263199e+003	
  1.4400000e+000	  2.5809999e+001	 -1.2224301e+003	
 -1.4200000e+000	  1.4200000e+001	 -1.2097100e+003	
  1.0080000e+001	  3.2990002e+001	 -1.2229600e+003	
 -4.2900000e+000	  1.2840000e+001	 -1.2158500e+003	
  2.9100000e+000	  4.4840000e+001	 -1.2342000e+003	
 -2.8800000e+000	 -4.3000000e+000	 -1.2251700e+003	
 -4.3200000e+000	 -8.6100000e+000	 -1.2242500e+003	
  9.9600000e+000	  1.7010000e+001	 -1.2074800e+003	
  3.0440001e+001	  1.0000000e-002	 -1.2315400e+003	
  1.2960000e+001	  3.0120001e+001	 -1.2228800e+003	
  1.4540000e+001	  5.7900002e+001	 -1.2351700e+003	
  4.2700000e+000	  7.0800000e+000	 -1.2059500e+003	
  1.5650000e+001	  1.1330000e+001	 -1.2068500e+003	
  2.0200001e+001	 -1.4300000e+000	 -1.2255601e+003	
  8.6200000e+000	 -1.1440000e+001	 -1.2195300e+003	
  3.0459999e+001	 -4.3300000e+000	 -1.2322500e+003	
  1.0000000e-002	  3.9119999e+001	 -1.2361100e+003	
  2.0370001e+001	  5.3610001e+001	 -1.2365601e+003	
  2.7540001e+001	  1.2990000e+001	 -1.2313700e+003	
  2.8700000e+000	  2.1379999e+001	 -1.2146200e+003	
 -5.8200000e+000	  3.0480000e+001	 -1.2384900e+003	
 -2.8500000e+000	  4.2700000e+000	 -1.2115699e+003	
  1.5830000e+001	 -4.2900000e+000	 -1.2221200e+003	
 -1.1600000e+001	  1.5900000e+001	 -1.2333500e+003	
  7.1400000e+000	  1.9889999e+001	 -1.2106200e+003	
 -2.8700000e+000	 -1.0030000e+001	 -1.2224500e+003	
  2.7549999e+001	  1.4450000e+001	 -1.2320200e+003	
  2.1700001e+001	 -5.7600000e+000	 -1.2291000e+003	
 -1.4490000e+001	  7.2200000e+000	 -1.2316899e+003	
  1.8910000e+001	  5.5029999e+001	 -1.2358900e+003	
  1.1630000e+001	  5.2090000e+001	 -1.2346700e+003	
  1.4400000e+000	 -1.4200000e+000	 -1.2180900e+003	
  1.8600000e+001	  1.4250000e+001	 -1.2147700e+003	
 -2.8700000e+000	 -8.6000000e+000	 -1.2231400e+003	
  2.9100000e+000	  4.7759998e+001	 -1.2347300e+003	
 -1.4200000e+000	  8.5100000e+000	 -1.2090000e+003	
 -4.2800000e+000	  5.7000000e+000	 -1.2137000e+003	
 -5.7600000e+000	 -2.8700000e+000	 -1.2251100e+003	
  2.1530001e+001	  1.0010000e+001	 -1.2184100e+003	
 -2.9000000e+000	  5.3610001e+001	 -1.2364500e+003	
  1.0000000e-002	 -1.4300000e+000	 -1.2205400e+003	
  2.8800000e+000	  2.7219999e+001	 -1.2216500e+003	
  5.7800000e+000	  3.7419998e+001	 -1.2274301e+003	
 -4.3200000e+000	  1.5790000e+001	 -1.2240800e+003	
  1.3080000e+001	  5.2110001e+001	 -1.2352000e+003	
 -2.9000000e+000	  2.8910000e+001	 -1.2333000e+003	
  1.4600000e+000	  5.3560001e+001	 -1.2351500e+003	
  2.0230000e+001	  1.8709999e+001	 -1.2276100e+003	
  2.8990000e+001	 -2.8800000e+000	 -1.2315300e+003	
 -2.9000000e+000	  3.0400000e+001	 -1.2350900e+003	
  2.1690001e+001	 -7.1900000e+000	 -1.2280400e+003	
  8.7200000e+000	  5.7860001e+001	 -1.2342200e+003	
  2.8500000e+000	  1.2740000e+001	 -1.2055800e+003	
  1.0000000e-002	  5.2139999e+001	 -1.2359000e+003	
  5.7400000e+000	 -4.2800000e+000	 -1.2187100e+003	
  1.2860000e+001	  1.9920000e+001	 -1.2126400e+003	
  1.7340000e+001	  2.5900000e+001	 -1.2271300e+003	
 -1.7389999e+001	  8.6700000e+000	 -1.2319100e+003	
  1.8540001e+001	  1.1370000e+001	 -1.2104200e+003	
  8.7200000e+000	  5.4959999e+001	 -1.2341500e+003	
  8.5900000e+000	  2.4240000e+001	 -1.2153000e+003	
  7.1100000e+000	  1.4150000e+001	 -1.2052800e+003	
  1.4240000e+001	  2.8400000e+000	 -1.2083300e+003	
  2.1660000e+001	 -2.8700000e+000	 -1.2267500e+003	
  1.2810000e+001	  1.5590000e+001	 -1.2075400e+003	
  2.1910000e+001	  3.3459999e+001	 -1.2417100e+003	
  2.6090000e+001	  1.1550000e+001	 -1.2313300e+003	
  2.9000000e+001	  1.3000000e+001	 -1.2321200e+003	
  1.2820000e+001	  1.4200000e+000	 -1.2088101e+003	
  4.3600000e+000	  5.6419998e+001	 -1.2345200e+003	
 -8.6600000e+000	 -8.6300000e+000	 -1.2273400e+003	
  2.1680000e+001	  1.2960000e+001	 -1.2274500e+003	
  1.4500000e+000	  3.4619999e+001	 -1.2306000e+003	
 -1.7379999e+001	  7.2200000e+000	 -1.2314301e+003	
 -1.0190000e+001	  2.6120001e+001	 -1.2383500e+003	
  1.4300000e+000	  1.5600000e+001	 -1.2084600e+003	
 -1.7379999e+001	  2.8900000e+000	 -1.2309700e+003	
  2.7549999e+001	 -7.2100000e+000	 -1.2318900e+003	
  7.1600000e+000	 -2.8500000e+000	 -1.2154800e+003	
  1.4530000e+001	  3.9070000e+001	 -1.2344900e+003	
  1.4370000e+001	 -1.0010000e+001	 -1.2201400e+003	
  2.5990000e+001	  5.7600000e+000	 -1.2262800e+003	
  1.2940000e+001	  2.7209999e+001	 -1.2209900e+003	
  5.7000000e+000	  1.7010000e+001	 -1.2076801e+003	
  4.3200000e+000	  3.0100000e+001	 -1.2222000e+003	
  1.4400000e+000	 -2.8600000e+000	 -1.2203500e+003	
  2.0170000e+001	 -1.1470000e+001	 -1.2231801e+003	
 -1.4300000e+000	 -1.1450000e+001	 -1.2213300e+003	
  2.8500000e+000	  4.2600000e+000	 -1.2085200e+003	
 -1.1540000e+001	  1.4400000e+000	 -1.2260300e+003	
  2.4620001e+001	  1.2990000e+001	 -1.2305300e+003	
  7.2600000e+000	  5.2070000e+001	 -1.2340100e+003	
  7.1600000e+000	  2.2790001e+001	 -1.2141500e+003	
 -1.7379999e+001	  5.7800000e+000	 -1.2312200e+003	
  2.8500000e+000	  2.8400000e+000	 -1.2095800e+003	
  8.7200000e+000	  5.2070000e+001	 -1.2341600e+003	
  8.6800000e+000	  3.8860001e+001	 -1.2276899e+003	
 -1.5950000e+001	  1.3010000e+001	 -1.2330200e+003	
 -1.3040000e+001	  1.1550000e+001	 -1.2317500e+003	
 -4.3400000e+000	  2.3080000e+001	 -1.2306600e+003	
 -1.4480000e+001	 -5.7600000e+000	 -1.2306300e+003	
  7.2600000e+000	  4.7709999e+001	 -1.2334600e+003	
  1.5740000e+001	  1.4300000e+000	 -1.2145300e+003	
  4.2900000e+000	  2.1360001e+001	 -1.2134700e+003	
  9.9700000e+000	 -1.4100000e+000	 -1.2091200e+003	
  1.4300000e+000	  1.0000000e-002	 -1.2144500e+003	
  1.7200001e+001	  1.4300000e+000	 -1.2167600e+003	
  1.1490000e+001	 -8.5800000e+000	 -1.2197600e+003	
  1.5900000e+001	  3.0219999e+001	 -1.2272100e+003	
 -1.1590000e+001	  1.2990000e+001	 -1.2314399e+003	
 -1.0060000e+001	  2.8700000e+000	 -1.2213600e+003	
  2.8600000e+000	  1.8469999e+001	 -1.2106600e+003	
 -7.2000000e+000	  1.0060000e+001	 -1.2247200e+003	
  8.7100000e+000	  4.6250000e+001	 -1.2329900e+003	
  1.3060000e+001	  4.0459999e+001	 -1.2326600e+003	
  2.7530001e+001	 -8.6500000e+000	 -1.2311500e+003	
 -1.3020000e+001	 -8.6400000e+000	 -1.2294900e+003	
 -1.0050000e+001	  1.4400000e+000	 -1.2200400e+003	
 -5.7700000e+000	  1.5840000e+001	 -1.2277600e+003	
 -1.4540000e+001	  2.0280001e+001	 -1.2361801e+003	
  8.5400000e+000	 -1.4100000e+000	 -1.2080300e+003	
  7.2500000e+000	  4.1830002e+001	 -1.2304500e+003	
 -7.2000000e+000	 -2.8700000e+000	 -1.2248199e+003	
  1.8889999e+001	  5.9330002e+001	 -1.2348101e+003	
  5.8100000e+000	  4.9169998e+001	 -1.2338300e+003	
 -1.4490000e+001	  8.6700000e+000	 -1.2316801e+003	
 -2.8800000e+000	 -7.1700000e+000	 -1.2239700e+003	
 -1.4500000e+000	  4.3529999e+001	 -1.2380699e+003	
  2.0290001e+001	  2.4540001e+001	 -1.2312300e+003	
  1.4410000e+001	  2.8700001e+001	 -1.2236100e+003	
  2.7549999e+001	  1.0110000e+001	 -1.2321000e+003	
 -2.8800000e+000	 -2.8700000e+000	 -1.2248101e+003	
  2.6090000e+001	  1.4440000e+001	 -1.2311801e+003	
  1.0050000e+001	  2.7160000e+001	 -1.2185900e+003	
  2.9010000e+001	  8.6700000e+000	 -1.2322300e+003	
 -1.4400000e+000	 -2.8600000e+000	 -1.2236100e+003	
  2.3370001e+001	  3.2009998e+001	 -1.2416600e+003	
  2.4459999e+001	  4.3000000e+000	 -1.2216200e+003	
 -2.9100000e+000	  3.9209999e+001	 -1.2392000e+003	
  1.7480000e+001	  4.9320000e+001	 -1.2379000e+003	
  1.0000000e-002	  1.9980000e+001	 -1.2166801e+003	
 -8.7500000e+000	  3.1980000e+001	 -1.2407100e+003	
  2.6190001e+001	  2.1740000e+001	 -1.2364800e+003	
  1.0170000e+001	  5.0619999e+001	 -1.2339800e+003	
  2.7670000e+001	  2.1760000e+001	 -1.2374800e+003	
  4.2700000e+000	  5.6700000e+000	 -1.2067900e+003	
  2.0049999e+001	  4.2800000e+000	 -1.2158600e+003	
  2.1889999e+001	  3.0510000e+001	 -1.2400000e+003	
 -1.4200000e+000	  1.5640000e+001	 -1.2115699e+003	
  8.5300000e+000	  1.5570000e+001	 -1.2060400e+003	
  1.1530000e+001	  3.3000000e+001	 -1.2233500e+003	
  1.4330000e+001	  2.1410000e+001	 -1.2167500e+003	
  1.8969999e+001	  4.5049999e+001	 -1.2403900e+003	
  1.7440001e+001	  6.2230000e+001	 -1.2351300e+003	
 -4.3600000e+000	  2.8959999e+001	 -1.2356300e+003	
 -2.9100000e+000	  4.7889999e+001	 -1.2384500e+003	
 -8.7400000e+000	  2.7580000e+001	 -1.2387000e+003	
  3.0459999e+001	  5.7800000e+000	 -1.2322000e+003	
 -1.1660000e+001	  2.7600000e+001	 -1.2397800e+003	
  4.3500000e+000	  4.0400002e+001	 -1.2307800e+003	
 -2.8500000e+000	  8.5200000e+000	 -1.2103199e+003	
 -1.4200000e+000	  1.1340000e+001	 -1.2081600e+003	
  1.0060000e+001	  2.8620001e+001	 -1.2198500e+003	
  2.6040001e+001	  7.2100000e+000	 -1.2289000e+003	
 -5.7400000e+000	  1.1460000e+001	 -1.2207200e+003	
  1.1620000e+001	  4.6290001e+001	 -1.2341200e+003	
 -1.0210000e+001	  2.9070000e+001	 -1.2401899e+003	
 -2.8900000e+000	  2.4500000e+001	 -1.2293900e+003	
  5.7500000e+000	  2.7160000e+001	 -1.2187500e+003	
  3.0490000e+001	  1.4460000e+001	 -1.2337200e+003	
 -1.4500000e+000	  3.0350000e+001	 -1.2328500e+003	
  2.1930000e+001	  3.6389999e+001	 -1.2424600e+003	
 -5.8400000e+000	  3.6369999e+001	 -1.2415000e+003	
 -4.3600000e+000	  5.5060001e+001	 -1.2364000e+003	
  1.1620000e+001	  5.9320000e+001	 -1.2345800e+003	
  1.6020000e+001	  3.7700001e+001	 -1.2371100e+003	
 -1.3020000e+001	  1.0000000e-002	 -1.2295601e+003	
 -1.4500000e+000	  5.6470001e+001	 -1.2355400e+003	
  1.4300000e+000	  9.9100000e+000	 -1.2061300e+003	
 -5.7700000e+000	 -5.7500000e+000	 -1.2264700e+003	
 -1.5920000e+001	 -4.3200000e+000	 -1.2305900e+003	
  1.4530000e+001	  6.0779999e+001	 -1.2348900e+003	
  1.1490000e+001	 -1.1440000e+001	 -1.2194600e+003	
  1.5820000e+001	 -7.1600000e+000	 -1.2214600e+003	
  1.4300000e+000	  1.9940001e+001	 -1.2137200e+003	
 -1.4490000e+001	  4.3300000e+000	 -1.2315500e+003	
 -1.4400000e+000	 -4.3000000e+000	 -1.2239200e+003	
  2.0020000e+001	  9.9700000e+000	 -1.2136000e+003	
  7.2100000e+000	  3.4459999e+001	 -1.2242600e+003	
  1.0000000e-002	  4.2600000e+000	 -1.2097400e+003	
  1.4370000e+001	 -8.5800000e+000	 -1.2203199e+003	
  1.2970000e+001	  3.1570000e+001	 -1.2235100e+003	
 -1.4200000e+000	  4.2600000e+000	 -1.2103199e+003	
  2.0420000e+001	  3.1959999e+001	 -1.2395300e+003	
  1.8920000e+001	  5.3619999e+001	 -1.2366100e+003	
  1.1630000e+001	  6.3669998e+001	 -1.2348400e+003	
  1.4500000e+000	  3.1639999e+001	 -1.2265300e+003	
  3.0450001e+001	 -2.8800000e+000	 -1.2317700e+003	
  9.9900000e+000	  1.9889999e+001	 -1.2108500e+003	
 -1.4300000e+000	  1.0000000e-002	 -1.2196300e+003	
 -2.9100000e+000	  4.0669998e+001	 -1.2394700e+003	
  1.1630000e+001	  4.7750000e+001	 -1.2345100e+003	
 -1.5940000e+001	  1.0110000e+001	 -1.2319100e+003	
 -1.5920000e+001	  1.0000000e-002	 -1.2303900e+003	
  1.4380000e+001	 -5.7200000e+000	 -1.2208400e+003	
  8.5400000e+000	  4.2500000e+000	 -1.2071899e+003	
 -1.4400000e+000	  2.4450001e+001	 -1.2266801e+003	
 -8.6100000e+000	  1.0000000e-002	 -1.2199900e+003	
  1.2810000e+001	  5.6700000e+000	 -1.2078300e+003	
  7.1800000e+000	 -8.5700000e+000	 -1.2195100e+003	
  5.7300000e+000	 -2.8500000e+000	 -1.2161400e+003	
 -1.1590000e+001	  8.6700000e+000	 -1.2320000e+003	
 -7.1700000e+000	  8.5800000e+000	 -1.2182700e+003	
 -4.3700000e+000	  3.3389999e+001	 -1.2390000e+003	
  1.8930000e+001	  5.2189999e+001	 -1.2372500e+003	
  4.2700000e+000	  1.7010000e+001	 -1.2080699e+003	
 -2.8600000e+000	  1.4300000e+000	 -1.2158000e+003	
  1.4310000e+001	  1.9950001e+001	 -1.2144700e+003	
 -1.3020000e+001	  1.4500000e+000	 -1.2293800e+003	
  7.2700000e+000	  5.3509998e+001	 -1.2341000e+003	
 -7.2900000e+000	  3.3439999e+001	 -1.2409301e+003	
  2.7510000e+001	  4.3300000e+000	 -1.2301300e+003	
 -1.4200000e+000	  2.8400000e+000	 -1.2099100e+003	
 -1.0110000e+001	 -4.3100000e+000	 -1.2284301e+003	
 -7.2200000e+000	  1.1520000e+001	 -1.2283800e+003	
  2.8500000e+000	  5.6700000e+000	 -1.2074000e+003	
  2.5940001e+001	  2.8800000e+000	 -1.2241100e+003	
  8.7200000e+000	  5.6400002e+001	 -1.2340400e+003	
 -2.8500000e+000	  7.1100000e+000	 -1.2111899e+003	
  5.6900000e+000	  1.0000000e-002	 -1.2053800e+003	
  1.0000000e-002	  1.5620000e+001	 -1.2098500e+003	
  1.1360000e+001	  9.9000000e+000	 -1.2047600e+003	
  2.8900000e+000	  3.4540001e+001	 -1.2272700e+003	
 -1.1630000e+001	  2.1730000e+001	 -1.2362100e+003	
  2.8900000e+000	  3.0139999e+001	 -1.2238600e+003	
  1.3020000e+001	  3.7459999e+001	 -1.2290500e+003	
  1.6000000e+001	  5.5020000e+001	 -1.2356700e+003	
  4.3600000e+000	  4.6270000e+001	 -1.2337000e+003	
  5.7200000e+000	  2.1350000e+001	 -1.2128000e+003	
 -8.6700000e+000	 -7.1900000e+000	 -1.2279100e+003	
  2.3379999e+001	  3.4919998e+001	 -1.2419301e+003	
  2.1900000e+001	  3.1990000e+001	 -1.2410500e+003	
  8.7200000e+000	  5.0610001e+001	 -1.2337500e+003	
 -4.3200000e+000	 -4.3100000e+000	 -1.2258600e+003	
 -1.0130000e+001	  1.1550000e+001	 -1.2308199e+003	
  2.1480000e+001	  7.1400000e+000	 -1.2157800e+003	
  5.7700000e+000	  3.3000000e+001	 -1.2235400e+003	
  9.9600000e+000	  4.2600000e+000	 -1.2074900e+003	
 -5.7200000e+000	  5.7100000e+000	 -1.2158700e+003	
  2.1629999e+001	 -1.4300000e+000	 -1.2246400e+003	
  1.5650000e+001	  9.9200000e+000	 -1.2072300e+003	
  2.2990000e+001	  8.5900000e+000	 -1.2200800e+003	
  2.4420000e+001	  2.8700000e+000	 -1.2198300e+003	
  8.6300000e+000	  3.0070000e+001	 -1.2207500e+003	
  8.6200000e+000	 -7.1500000e+000	 -1.2195900e+003	
 -1.3030000e+001	  4.3300000e+000	 -1.2310500e+003	
  1.2880000e+001	  2.1379999e+001	 -1.2149600e+003	
 -4.3000000e+000	  1.4310000e+001	 -1.2201100e+003	
  2.7610001e+001	  1.8820000e+001	 -1.2348700e+003	
  1.4600000e+000	  4.1970001e+001	 -1.2349100e+003	
  1.4540000e+001	  4.0529999e+001	 -1.2350000e+003	
  1.0000000e-002	  2.8400000e+000	 -1.2098199e+003	
  2.3080000e+001	 -1.1490000e+001	 -1.2251500e+003	
  1.7490000e+001	  4.6459999e+001	 -1.2389200e+003	
 -1.4490000e+001	  1.0110000e+001	 -1.2315699e+003	
  1.7510000e+001	  4.2130001e+001	 -1.2398800e+003	
  4.3600000e+000	  4.9180000e+001	 -1.2342800e+003	
  1.0170000e+001	  6.3639999e+001	 -1.2343800e+003	
  2.0250000e+001	  2.0170000e+001	 -1.2286000e+003	
  2.0459999e+001	  3.7840000e+001	 -1.2422100e+003	
  8.5200000e+000	  1.0000000e-002	 -1.2043199e+003	
  1.0000000e-002	  7.0900000e+000	 -1.2085000e+003	
 -1.4470000e+001	 -4.3200000e+000	 -1.2304700e+003	
  1.4530000e+001	  5.9330002e+001	 -1.2349900e+003	
  3.1910000e+001	 -4.3300000e+000	 -1.2321600e+003	
  1.0000000e-002	  1.1330000e+001	 -1.2069000e+003	
  1.8600000e+001	  2.8500000e+000	 -1.2142800e+003	
  1.1590000e+001	  4.0400002e+001	 -1.2306801e+003	
 -7.2100000e+000	 -8.6200000e+000	 -1.2265200e+003	
  2.6070000e+001	 -8.6500000e+000	 -1.2302800e+003	
 -4.3200000e+000	 -5.7400000e+000	 -1.2257100e+003	
  1.0120000e+001	  3.8880001e+001	 -1.2280601e+003	
  5.7500000e+000	 -1.1430000e+001	 -1.2192100e+003	
  2.2990000e+001	  4.3000000e+000	 -1.2200400e+003	
 -1.4200000e+000	  7.1000000e+000	 -1.2098800e+003	
  1.8639999e+001	  1.4300000e+000	 -1.2175900e+003	
  1.8580000e+001	  5.7000000e+000	 -1.2134000e+003	
  2.0280001e+001	  2.3080000e+001	 -1.2303199e+003	
  8.5200000e+000	  9.9000000e+000	 -1.2043000e+003	
 -1.5930000e+001	  5.7800000e+000	 -1.2313600e+003	
  1.2790000e+001	  1.2730000e+001	 -1.2051899e+003	
 -1.4300000e+000	  1.8580000e+001	 -1.2181000e+003	
  2.7469999e+001	  1.4400000e+000	 -1.2281200e+003	
  5.8000000e+000	  4.1849998e+001	 -1.2308900e+003	
 -1.1590000e+001	  1.0110000e+001	 -1.2314200e+003	
 -5.8100000e+000	  2.6059999e+001	 -1.2349900e+003	
  1.7330000e+001	  2.4450001e+001	 -1.2265400e+003	
  2.8900000e+000	  3.1600000e+001	 -1.2247800e+003	
  2.4629999e+001	  1.5870000e+001	 -1.2306400e+003	
  1.4500000e+000	  3.3119999e+001	 -1.2282800e+003	
  2.9100000e+000	  4.3380001e+001	 -1.2337400e+003	
 -1.4500000e+000	  5.7900002e+001	 -1.2352900e+003	
 -1.4470000e+001	 -2.8800000e+000	 -1.2302700e+003	
  7.1000000e+000	  1.1310000e+001	 -1.2042200e+003	
  2.4510000e+001	 -1.4300000e+000	 -1.2243400e+003	
 -8.6700000e+000	 -5.7500000e+000	 -1.2280100e+003	
  1.0060000e+001	 -1.1430000e+001	 -1.2194600e+003	
 -4.3500000e+000	  2.6020000e+001	 -1.2329700e+003	
 -7.2200000e+000	 -5.7500000e+000	 -1.2271500e+003	
  1.2830000e+001	  1.7030001e+001	 -1.2091500e+003	
  1.3090000e+001	  4.9230000e+001	 -1.2354700e+003	
 -4.3300000e+000	  1.8709999e+001	 -1.2273700e+003	
  1.1390000e+001	  1.4200000e+000	 -1.2078600e+003	
 -2.8400000e+000	  2.8400000e+000	 -1.2095100e+003	
  5.7300000e+000	  2.2799999e+001	 -1.2147200e+003	
 -4.3700000e+000	  4.6490002e+001	 -1.2397800e+003	
  1.4600000e+000	  3.7560001e+001	 -1.2324800e+003	
 -1.4490000e+001	  1.1560000e+001	 -1.2321500e+003	
  1.1550000e+001	  3.5930000e+001	 -1.2257500e+003	
  4.2700000e+000	  4.2600000e+000	 -1.2077400e+003	
 -7.2900000e+000	  3.1969999e+001	 -1.2402600e+003	
  1.0000000e-002	  6.3660000e+001	 -1.2348000e+003	
  1.4310000e+001	  1.0000000e-002	 -1.2145601e+003	
  5.7500000e+000	 -7.1500000e+000	 -1.2197600e+003	
 -2.8800000e+000	 -5.7400000e+000	 -1.2248600e+003	
  8.7200000e+000	  4.9169998e+001	 -1.2338101e+003	
 -1.4400000e+000	  2.2990000e+001	 -1.2252700e+003	
 -5.7700000e+000	 -7.1800000e+000	 -1.2261899e+003	
  5.7400000e+000	  2.5709999e+001	 -1.2173400e+003	
 -5.7800000e+000	  1.7280001e+001	 -1.2282900e+003	
  2.8990000e+001	  2.8900000e+000	 -1.2315500e+003	
  2.4570000e+001	 -2.8700000e+000	 -1.2278300e+003	
  1.0000000e-002	  9.9200000e+000	 -1.2070699e+003	
  2.3160000e+001	 -5.7600000e+000	 -1.2299000e+003	
  1.0170000e+001	  5.3529999e+001	 -1.2344200e+003	
 -7.2300000e+000	  1.7309999e+001	 -1.2303000e+003	
  9.9400000e+000	  1.1310000e+001	 -1.2040900e+003	
 -7.2700000e+000	  2.6080000e+001	 -1.2362100e+003	
  1.4270000e+001	  1.7049999e+001	 -1.2106100e+003	
  1.2830000e+001	  2.8400000e+000	 -1.2097200e+003	
 -1.3040000e+001	  1.3000000e+001	 -1.2321400e+003	
 -2.9100000e+000	  3.3369999e+001	 -1.2380900e+003	
  1.4600000e+000	  4.0509998e+001	 -1.2343101e+003	
  1.5820000e+001	 -2.8600000e+000	 -1.2213400e+003	
 -1.4500000e+000	  3.3340000e+001	 -1.2367600e+003	
  1.8990000e+001	  3.9279999e+001	 -1.2415699e+003	
  1.4600000e+000	  5.2119999e+001	 -1.2353000e+003	
 -1.4500000e+000	  3.6270000e+001	 -1.2380200e+003	
 -1.0100000e+001	  7.1900000e+000	 -1.2267300e+003	
  1.1540000e+001	  3.4459999e+001	 -1.2244700e+003	
 -8.6500000e+000	  8.6300000e+000	 -1.2257000e+003	
  2.0010000e+001	  7.1200000e+000	 -1.2133600e+003	
 -2.8400000e+000	  1.1360000e+001	 -1.2095400e+003	
  1.3080000e+001	  5.9320000e+001	 -1.2346600e+003	
  2.1629999e+001	 -1.0050000e+001	 -1.2248900e+003	
  1.1440000e+001	  2.1360001e+001	 -1.2136200e+003	
 -4.2800000e+000	  2.8500000e+000	 -1.2131700e+003	
  1.1610000e+001	  4.3360001e+001	 -1.2330900e+003	
 -2.9000000e+000	  2.7440001e+001	 -1.2321700e+003	
 -1.0140000e+001	  1.4430000e+001	 -1.2311300e+003	
 -1.0150000e+001	  1.5890000e+001	 -1.2325400e+003	
  1.4500000e+000	  3.6099998e+001	 -1.2317000e+003	
  2.1940001e+001	  4.0790001e+001	 -1.2435300e+003	
  2.1809999e+001	  2.6070000e+001	 -1.2355000e+003	
  5.8100000e+000	  5.6419998e+001	 -1.2343900e+003	
  1.5660000e+001	  8.5100000e+000	 -1.2080100e+003	
  2.7549999e+001	 -5.7700000e+000	 -1.2319301e+003	
  1.4600000e+000	  4.6340000e+001	 -1.2355400e+003	
 -8.6800000e+000	  1.2980000e+001	 -1.2299000e+003	
  2.0410000e+001	  4.9369999e+001	 -1.2392300e+003	
  4.3000000e+000	 -2.8500000e+000	 -1.2173700e+003	
 -1.4500000e+000	  5.2160000e+001	 -1.2364900e+003	
 -4.3600000e+000	  5.0779999e+001	 -1.2380800e+003	
 -7.2600000e+000	  2.3150000e+001	 -1.2342300e+003	
 -1.4530000e+001	  1.7370001e+001	 -1.2350000e+003	
  1.0000000e-002	  3.3259998e+001	 -1.2336400e+003	
  2.4690001e+001	  2.0250000e+001	 -1.2338700e+003	
 -1.3080000e+001	  2.0280001e+001	 -1.2357800e+003	
  1.0170000e+001	  5.2070000e+001	 -1.2342100e+003	
 -5.7900000e+000	  2.0200001e+001	 -1.2309800e+003	
  1.8760000e+001	  2.0129999e+001	 -1.2259100e+003	
  2.6080000e+001	  1.2990000e+001	 -1.2309900e+003	
  5.6800000e+000	  1.1310000e+001	 -1.2045100e+003	
  2.1780001e+001	  2.4590000e+001	 -1.2339399e+003	
  5.6900000e+000	  5.6700000e+000	 -1.2063500e+003	
  2.6080000e+001	 -7.2100000e+000	 -1.2310400e+003	
  3.0469999e+001	  1.3010000e+001	 -1.2328199e+003	
  8.5500000e+000	  2.8400000e+000	 -1.2085699e+003	
  2.8800000e+000	 -7.1500000e+000	 -1.2202300e+003	
  2.7559999e+001	  7.2300000e+000	 -1.2321700e+003	
  1.0000000e-002	  1.0000000e-002	 -1.2173900e+003	
 -1.1650000e+001	  2.4670000e+001	 -1.2380699e+003	
  1.7150000e+001	  1.5660000e+001	 -1.2131200e+003	
  2.6139999e+001	  1.8809999e+001	 -1.2340300e+003	
  4.3100000e+000	 -5.7200000e+000	 -1.2199200e+003	
  1.5990000e+001	  5.9340000e+001	 -1.2351300e+003	
 -2.8800000e+000	  2.1590000e+001	 -1.2272700e+003	
  8.6200000e+000	 -1.0010000e+001	 -1.2197100e+003	
  1.4370000e+001	 -1.1440000e+001	 -1.2198101e+003	
  1.0060000e+001	 -8.5800000e+000	 -1.2197200e+003	
 -1.0140000e+001	  1.0110000e+001	 -1.2312200e+003	
  1.4510000e+001	  3.7570000e+001	 -1.2326000e+003	
 -7.1500000e+000	  7.1400000e+000	 -1.2160300e+003	
 -1.4500000e+000	  5.5029999e+001	 -1.2356600e+003	
  3.0459999e+001	  1.0110000e+001	 -1.2321600e+003	
  7.2200000e+000	  3.5930000e+001	 -1.2256200e+003	
  1.1620000e+001	  4.4830002e+001	 -1.2337200e+003	
  1.0000000e-002	  4.6369999e+001	 -1.2365500e+003	
  2.8980000e+001	 -1.4400000e+000	 -1.2312100e+003	
 -1.1570000e+001	  5.7700000e+000	 -1.2290500e+003	
  1.2990000e+001	  3.4480000e+001	 -1.2253400e+003	
 -8.6100000e+000	  7.1600000e+000	 -1.2198199e+003	
  8.5200000e+000	  1.2730000e+001	 -1.2044000e+003	
 -1.4500000e+000	  5.9340000e+001	 -1.2351200e+003	
  2.2950001e+001	  7.1500000e+000	 -1.2177200e+003	
 -4.3200000e+000	 -2.8700000e+000	 -1.2253199e+003	
  1.0000000e-002	 -2.8600000e+000	 -1.2219500e+003	
 -5.7700000e+000	  1.4390000e+001	 -1.2269000e+003	
 -7.2000000e+000	 -1.0050000e+001	 -1.2249500e+003	
  8.6200000e+000	  2.8610001e+001	 -1.2194200e+003	
  8.5900000e+000	  2.2790001e+001	 -1.2142000e+003	
 -8.6600000e+000	 -4.3100000e+000	 -1.2272900e+003	
  4.3600000e+000	  5.9310001e+001	 -1.2343700e+003	
  2.7639999e+001	  2.0280001e+001	 -1.2360500e+003	
  1.4400000e+000	 -7.1500000e+000	 -1.2209399e+003	
  1.3080000e+001	  6.3680000e+001	 -1.2351500e+003	
  1.0170000e+001	  5.7860001e+001	 -1.2343600e+003	
  3.0459999e+001	 -8.6600000e+000	 -1.2322100e+003	
 -5.8300000e+000	  3.1950001e+001	 -1.2392100e+003	
  8.6500000e+000	  3.4450001e+001	 -1.2238400e+003	
 -1.0080000e+001	 -1.4300000e+000	 -1.2242400e+003	
  4.3600000e+000	  5.0630001e+001	 -1.2342500e+003	
  3.0459999e+001	  1.1560000e+001	 -1.2323800e+003	
  2.4570000e+001	 -1.0070000e+001	 -1.2275900e+003	
  1.7110001e+001	  4.2600000e+000	 -1.2102900e+003	
  1.6020000e+001	  4.9290001e+001	 -1.2371500e+003	
  2.3059999e+001	 -1.4300000e+000	 -1.2239700e+003	
  2.6010000e+001	 -1.4300000e+000	 -1.2274900e+003	
  1.8990000e+001	  4.2180000e+001	 -1.2412600e+003	
  8.7200000e+000	  6.2180000e+001	 -1.2340800e+003	
 -2.8400000e+000	  9.9400000e+000	 -1.2097500e+003	
  2.8800000e+000	 -1.0010000e+001	 -1.2197300e+003	
  1.0000000e-002	  4.0570000e+001	 -1.2362500e+003	
  4.2900000e+000	  1.9900000e+001	 -1.2112900e+003	
  1.4230000e+001	  7.0900000e+000	 -1.2078800e+003	
  7.1000000e+000	  8.4900000e+000	 -1.2048700e+003	
 -7.3000000e+000	  3.7849998e+001	 -1.2424200e+003	
 -7.1800000e+000	  1.0000000e-002	 -1.2202300e+003	
 -1.1620000e+001	  2.0270000e+001	 -1.2353800e+003	
 -4.3400000e+000	  2.1629999e+001	 -1.2298199e+003	
 -8.7200000e+000	  2.4629999e+001	 -1.2362600e+003	
  2.7540001e+001	  5.7800000e+000	 -1.2312700e+003	
  7.2700000e+000	  6.2189999e+001	 -1.2341700e+003	
  1.4550000e+001	  4.3459999e+001	 -1.2359800e+003	
  4.3100000e+000	 -7.1500000e+000	 -1.2197800e+003	
  1.2890000e+001	 -1.4200000e+000	 -1.2158700e+003	
  2.6040001e+001	 -1.0080000e+001	 -1.2288199e+003	
  7.1200000e+000	  2.8400000e+000	 -1.2085000e+003	
  1.5680000e+001	  4.2600000e+000	 -1.2099700e+003	
  4.3500000e+000	  4.1869999e+001	 -1.2317800e+003	
  1.3090000e+001	  5.0669998e+001	 -1.2352600e+003	
 -4.3500000e+000	  2.7490000e+001	 -1.2346000e+003	
  1.1370000e+001	  7.0800000e+000	 -1.2060400e+003	
 -1.5920000e+001	 -2.8800000e+000	 -1.2305800e+003	
  2.0379999e+001	  5.2200001e+001	 -1.2373400e+003	
 -2.8900000e+000	  2.3040001e+001	 -1.2282200e+003	
  1.4600000e+000	  4.7779999e+001	 -1.2354200e+003	
  1.4400000e+000	 -1.1440000e+001	 -1.2200000e+003	
  2.4760000e+001	  2.4660000e+001	 -1.2377600e+003	
  1.0030000e+001	  2.4250000e+001	 -1.2159399e+003	
  2.1870001e+001	  2.9030001e+001	 -1.2387600e+003	
  1.8980000e+001	  3.6360001e+001	 -1.2410800e+003	
  1.2850000e+001	  1.0000000e-002	 -1.2119301e+003	
  1.4420000e+001	  3.0160000e+001	 -1.2245500e+003	
  1.6000000e+001	  5.3590000e+001	 -1.2360100e+003	
 -1.4300000e+000	  1.4300000e+000	 -1.2150200e+003	
 -1.3020000e+001	 -1.4400000e+000	 -1.2294600e+003	
  1.4210000e+001	  1.2740000e+001	 -1.2060000e+003	
  2.9100000e+000	  5.9310001e+001	 -1.2344600e+003	
  8.5400000e+000	  1.7000000e+001	 -1.2072700e+003	
 -1.4500000e+000	  3.9169998e+001	 -1.2379900e+003	
  1.7490000e+001	  4.7880001e+001	 -1.2382900e+003	
  2.9100000e+000	  4.0450001e+001	 -1.2323700e+003	
  7.1800000e+000	 -7.1500000e+000	 -1.2196100e+003	
  1.0050000e+001	 -7.1400000e+000	 -1.2194200e+003	
 -1.4400000e+000	  2.8840000e+001	 -1.2300601e+003	
  1.0030000e+001	 -2.8500000e+000	 -1.2163199e+003	
  4.3300000e+000	  3.1559999e+001	 -1.2233500e+003	
  1.2820000e+001	  4.2600000e+000	 -1.2087100e+003	
  1.1410000e+001	  1.8459999e+001	 -1.2098800e+003	
 -5.8400000e+000	  3.4900002e+001	 -1.2411801e+003	
  1.7500000e+001	  4.3570000e+001	 -1.2395500e+003	
  1.8709999e+001	  1.7200001e+001	 -1.2220300e+003	
  1.3080000e+001	  4.4869999e+001	 -1.2349000e+003	
 -1.0130000e+001	  1.2990000e+001	 -1.2306300e+003	
  2.9100000e+000	  4.9200001e+001	 -1.2346899e+003	
  1.1360000e+001	  1.1310000e+001	 -1.2045601e+003	
  2.0219999e+001	 -2.8700000e+000	 -1.2270400e+003	
  1.3070000e+001	  4.1930000e+001	 -1.2335699e+003	
  1.0170000e+001	  6.2189999e+001	 -1.2341801e+003	
  1.4540000e+001	  5.6450001e+001	 -1.2351899e+003	
 -1.1550000e+001	  4.3200000e+000	 -1.2273800e+003	
  2.4740000e+001	  2.3190001e+001	 -1.2366000e+003	
 -4.3700000e+000	  3.7790001e+001	 -1.2402900e+003	
  7.1100000e+000	  4.2500000e+000	 -1.2069399e+003	
  1.5780000e+001	  1.0000000e-002	 -1.2181400e+003	
 -1.1600000e+001	  1.4450000e+001	 -1.2323800e+003	
  1.1390000e+001	  1.0000000e-002	 -1.2075601e+003	
 -4.3600000e+000	  3.0440001e+001	 -1.2368700e+003	
  5.8100000e+000	  6.2200001e+001	 -1.2343700e+003	
 -8.7000000e+000	  1.8790001e+001	 -1.2333199e+003	
 -1.0160000e+001	  1.8799999e+001	 -1.2340000e+003	
  5.6800000e+000	  1.2730000e+001	 -1.2046300e+003	
  1.8820000e+001	  2.5959999e+001	 -1.2299399e+003	
 -5.7200000e+000	  7.1300000e+000	 -1.2143800e+003	
  1.0000000e-002	  5.7900002e+001	 -1.2351600e+003	
 -4.3700000e+000	  3.6340000e+001	 -1.2403600e+003	
 -2.8500000e+000	  1.2780000e+001	 -1.2102200e+003	
  1.1370000e+001	  8.4900000e+000	 -1.2053199e+003	
  1.7250000e+001	 -1.1450000e+001	 -1.2208700e+003	
  5.8000000e+000	  4.3320000e+001	 -1.2319000e+003	
  1.3080000e+001	  5.5000000e+001	 -1.2350500e+003	
  1.1500000e+001	  2.8629999e+001	 -1.2206600e+003	
  1.4300000e+000	  1.2740000e+001	 -1.2063800e+003	
  3.1889999e+001	  2.8900000e+000	 -1.2316600e+003	
 -2.8800000e+000	  2.0129999e+001	 -1.2259000e+003	
 -2.8700000e+000	  1.7180000e+001	 -1.2204500e+003	
 -7.2300000e+000	  1.4410000e+001	 -1.2288101e+003	
 -1.0160000e+001	  2.0260000e+001	 -1.2347400e+003	
 -4.2800000e+000	  8.5300000e+000	 -1.2119900e+003	
  1.7430000e+001	  3.1820000e+001	 -1.2340400e+003	
  1.3080000e+001	  4.3400002e+001	 -1.2343800e+003	
  1.4600000e+000	  6.2209999e+001	 -1.2345500e+003	
 -5.7700000e+000	 -4.3100000e+000	 -1.2259100e+003	
  2.9100000e+000	  5.4990002e+001	 -1.2347800e+003	
 -1.5990000e+001	  1.8830000e+001	 -1.2360300e+003	
  2.4639999e+001	  1.7330000e+001	 -1.2316000e+003	
  1.6020000e+001	  4.0619999e+001	 -1.2378800e+003	
  2.8800000e+000	 -1.1440000e+001	 -1.2195800e+003	
  2.7530001e+001	 -2.8800000e+000	 -1.2310601e+003	
  2.2940001e+001	  1.4300000e+000	 -1.2170000e+003	
  4.3600000e+000	  6.5110001e+001	 -1.2347500e+003	
  1.2930000e+001	 -1.0010000e+001	 -1.2198500e+003	
  4.2600000e+000	  1.2730000e+001	 -1.2050800e+003	
  2.3230000e+001	  2.1690001e+001	 -1.2334399e+003	
  1.0140000e+001	  4.0369999e+001	 -1.2297500e+003	
 -1.1610000e+001	  1.7360001e+001	 -1.2341300e+003	
  1.8840000e+001	  2.7430000e+001	 -1.2312700e+003	
 -2.9100000e+000	  4.3560001e+001	 -1.2390500e+003	
  8.6200000e+000	 -8.5800000e+000	 -1.2196100e+003	
  4.3600000e+000	  4.3340000e+001	 -1.2325300e+003	
 -7.1600000e+000	  4.2900000e+000	 -1.2176600e+003	
 -1.7379999e+001	  4.3300000e+000	 -1.2310500e+003	
  2.9010000e+001	 -4.3300000e+000	 -1.2322600e+003	
  2.0010000e+001	  8.5400000e+000	 -1.2130900e+003	
  1.0160000e+001	  4.6259998e+001	 -1.2333101e+003	
  2.0459999e+001	  3.9299999e+001	 -1.2422400e+003	
  2.3170000e+001	  1.2980000e+001	 -1.2299700e+003	
  2.4780001e+001	  2.6129999e+001	 -1.2388101e+003	
 -2.9100000e+000	  4.9320000e+001	 -1.2379900e+003	
  1.0000000e-002	  2.5860001e+001	 -1.2249900e+003	
  1.7370001e+001	  2.8820000e+001	 -1.2291899e+003	
  1.1390000e+001	  1.7010000e+001	 -1.2079900e+003	
 -1.0110000e+001	 -8.6300000e+000	 -1.2278400e+003	
 -1.3030000e+001	 -5.7600000e+000	 -1.2304399e+003	
  3.1889999e+001	  1.4500000e+000	 -1.2316600e+003	
 -1.1570000e+001	 -5.7600000e+000	 -1.2298400e+003	
 -1.3050000e+001	  1.4450000e+001	 -1.2329800e+003	
  2.8980000e+001	  1.4500000e+000	 -1.2308400e+003	
  2.4610001e+001	  1.0090000e+001	 -1.2296400e+003	
  2.0450001e+001	  3.4910000e+001	 -1.2414700e+003	
 -4.3700000e+000	  3.4869999e+001	 -1.2398000e+003	
  7.2400000e+000	  4.0349998e+001	 -1.2293300e+003	
 -8.6000000e+000	  5.7200000e+000	 -1.2187000e+003	
  2.3139999e+001	  1.1530000e+001	 -1.2287600e+003	
  2.9010000e+001	  5.7800000e+000	 -1.2325000e+003	
  1.4400000e+000	  2.2870001e+001	 -1.2187100e+003	
  4.3100000e+000	 -1.0010000e+001	 -1.2197300e+003	
 -1.1580000e+001	  7.2200000e+000	 -1.2310900e+003	
  2.9100000e+000	  5.0650002e+001	 -1.2346600e+003	
  1.7280001e+001	 -1.4300000e+000	 -1.2227400e+003	
 -4.3700000e+000	  4.2160000e+001	 -1.2407200e+003	
 -1.4500000e+000	  5.3599998e+001	 -1.2361300e+003	
  1.7230000e+001	  1.8590000e+001	 -1.2187200e+003	
  5.8100000e+000	  4.4790001e+001	 -1.2326300e+003	
 -1.7370001e+001	 -1.4400000e+000	 -1.2304900e+003	
 -7.2600000e+000	  2.4620001e+001	 -1.2353700e+003	
 -5.8300000e+000	  3.3430000e+001	 -1.2402100e+003	
  1.7389999e+001	  3.0309999e+001	 -1.2310200e+003	
  1.1490000e+001	 -1.0010000e+001	 -1.2197800e+003	
  1.7180000e+001	  1.7120001e+001	 -1.2156300e+003	
  4.3600000e+000	  6.3650002e+001	 -1.2345200e+003	
  2.3180000e+001	  1.8760000e+001	 -1.2310100e+003	
  1.4460000e+001	  3.4560001e+001	 -1.2282200e+003	
 -4.3200000e+000	 -7.1800000e+000	 -1.2253101e+003	
 -8.6900000e+000	  1.5880000e+001	 -1.2310601e+003	
  1.7270000e+001	 -8.5900000e+000	 -1.2220699e+003	
  1.3090000e+001	  5.3570000e+001	 -1.2353500e+003	
  2.3160000e+001	  1.5860000e+001	 -1.2297100e+003	
  2.0200001e+001	 -8.6100000e+000	 -1.2252000e+003	
  2.8700000e+000	  2.4299999e+001	 -1.2185300e+003	
  1.0000000e-002	  1.2750000e+001	 -1.2073400e+003	
  7.1200000e+000	 -1.4100000e+000	 -1.2087700e+003	
  1.4210000e+001	  1.1320000e+001	 -1.2056899e+003	
  1.4550000e+001	  4.7820000e+001	 -1.2364301e+003	
  8.6900000e+000	  4.0349998e+001	 -1.2293199e+003	
  2.3110001e+001	 -2.8700000e+000	 -1.2267600e+003	
 -7.2500000e+000	  2.0230000e+001	 -1.2326400e+003	
  1.4290000e+001	  1.8500000e+001	 -1.2125100e+003	
  4.2900000e+000	 -1.4200000e+000	 -1.2136700e+003	
 -7.3000000e+000	  3.6380001e+001	 -1.2419800e+003	
 -4.3400000e+000	  2.4549999e+001	 -1.2318199e+003	
  1.0160000e+001	  4.4799999e+001	 -1.2329800e+003	
  1.4360000e+001	  2.2879999e+001	 -1.2190200e+003	
  1.0000000e-002	  5.3580002e+001	 -1.2356400e+003	
  1.5940000e+001	  3.3200001e+001	 -1.2312000e+003	
 -1.4300000e+000	 -1.0020000e+001	 -1.2217900e+003	
 -5.7900000e+000	  2.1660000e+001	 -1.2318800e+003	
  4.3600000e+000	  5.4980000e+001	 -1.2344700e+003	
  1.0000000e-002	  3.4730000e+001	 -1.2344200e+003	
  5.7000000e+000	  1.4200000e+000	 -1.2092600e+003	
  1.5970000e+001	  3.4709999e+001	 -1.2337300e+003	
 -1.4520000e+001	  1.5910000e+001	 -1.2341899e+003	
  2.1490000e+001	  8.5600000e+000	 -1.2160400e+003	
  1.6010000e+001	  5.2160000e+001	 -1.2364600e+003	
 -1.7389999e+001	  1.0110000e+001	 -1.2322400e+003	
  7.1200000e+000	  1.7010000e+001	 -1.2075000e+003	
  5.6900000e+000	  7.0800000e+000	 -1.2056700e+003	
 -8.6100000e+000	  4.3000000e+000	 -1.2201500e+003	
  2.0450001e+001	  4.3639999e+001	 -1.2415100e+003	
 -1.4400000e+000	 -5.7300000e+000	 -1.2236300e+003	
  2.1670000e+001	 -8.6300000e+000	 -1.2269399e+003	
 -4.3700000e+000	  4.3599998e+001	 -1.2402900e+003	
  1.5810000e+001	 -1.1440000e+001	 -1.2202700e+003	
 -1.4500000e+000	  4.9299999e+001	 -1.2373800e+003	
  2.0459999e+001	  3.6389999e+001	 -1.2421700e+003	
  2.8800000e+000	 -5.7200000e+000	 -1.2203400e+003	
 -4.2900000e+000	  1.4300000e+000	 -1.2168400e+003	
  1.4540000e+001	  6.3680000e+001	 -1.2352100e+003	
 -2.9100000e+000	  4.2119999e+001	 -1.2393900e+003	
  2.4629999e+001	  1.1550000e+001	 -1.2308700e+003	
  1.8770000e+001	 -2.8700000e+000	 -1.2260900e+003	
  2.8500000e+000	  9.9100000e+000	 -1.2055800e+003	
  7.0900000e+000	  1.0000000e-002	 -1.2033400e+003	
  1.0000000e-002	  2.1459999e+001	 -1.2196300e+003	
