 -1.7910000e+001	  1.6300000e+000	 -1.1019600e+003	
 -1.6270000e+001	  1.6300000e+000	 -1.1013101e+003	
 -1.4640000e+001	  1.6300000e+000	 -1.1009301e+003	
 -1.3010000e+001	  1.6200000e+000	 -1.1006300e+003	
 -1.9549999e+001	  1.0000000e-002	 -1.1026300e+003	
 -1.7910000e+001	  1.0000000e-002	 -1.1021500e+003	
 -1.6270000e+001	  1.0000000e-002	 -1.1016500e+003	
 -1.4640000e+001	  1.0000000e-002	 -1.1010900e+003	
 -1.3010000e+001	  1.0000000e-002	 -1.1007100e+003	
 -1.1380000e+001	  1.0000000e-002	 -1.1005300e+003	
 -9.7500000e+000	  1.0000000e-002	 -1.1005900e+003	
 -8.1300000e+000	  1.0000000e-002	 -1.1007800e+003	
 -6.5000000e+000	  1.0000000e-002	 -1.1011801e+003	
 -4.8800000e+000	  1.0000000e-002	 -1.1019100e+003	
 -2.1200001e+001	 -1.6200000e+000	 -1.1037600e+003	
 -1.9559999e+001	 -1.6200000e+000	 -1.1031899e+003	
 -1.7920000e+001	 -1.6200000e+000	 -1.1025699e+003	
 -1.6280001e+001	 -1.6200000e+000	 -1.1018199e+003	
 -1.4640000e+001	 -1.6200000e+000	 -1.1012100e+003	
 -1.3010000e+001	 -1.6100000e+000	 -1.1006801e+003	
 -1.1380000e+001	 -1.6100000e+000	 -1.1003700e+003	
 -9.7500000e+000	 -1.6100000e+000	 -1.1004301e+003	
 -8.1300000e+000	 -1.6200000e+000	 -1.1009399e+003	
 -6.5000000e+000	 -1.6200000e+000	 -1.1015200e+003	
 -4.8800000e+000	 -1.6200000e+000	 -1.1022700e+003	
 -3.2500000e+000	 -1.6200000e+000	 -1.1028600e+003	
 -2.1200001e+001	 -3.2400000e+000	 -1.1041801e+003	
 -1.9559999e+001	 -3.2400000e+000	 -1.1036200e+003	
 -1.7920000e+001	 -3.2400000e+000	 -1.1029000e+003	
 -1.6280001e+001	 -3.2400000e+000	 -1.1021300e+003	
 -1.4640000e+001	 -3.2400000e+000	 -1.1014900e+003	
 -1.3010000e+001	 -3.2400000e+000	 -1.1008600e+003	
 -1.1380000e+001	 -3.2300000e+000	 -1.1004500e+003	
 -9.7500000e+000	 -3.2300000e+000	 -1.1004800e+003	
 -8.1300000e+000	 -3.2300000e+000	 -1.1008900e+003	
 -6.5100000e+000	 -3.2400000e+000	 -1.1016801e+003	
 -4.8800000e+000	 -3.2400000e+000	 -1.1024800e+003	
 -3.2500000e+000	 -3.2400000e+000	 -1.1032800e+003	
 -2.2850000e+001	 -4.8700000e+000	 -1.1050300e+003	
 -2.1219999e+001	 -4.8700000e+000	 -1.1048600e+003	
 -1.9570000e+001	 -4.8700000e+000	 -1.1040000e+003	
 -1.7920000e+001	 -4.8700000e+000	 -1.1031700e+003	
 -1.6280001e+001	 -4.8600000e+000	 -1.1023000e+003	
 -1.4640000e+001	 -4.8600000e+000	 -1.1013900e+003	
 -1.3010000e+001	 -4.8500000e+000	 -1.1006801e+003	
 -1.1380000e+001	 -4.8500000e+000	 -1.1002500e+003	
 -9.7500000e+000	 -4.8500000e+000	 -1.1003600e+003	
 -8.1300000e+000	 -4.8600000e+000	 -1.1010500e+003	
 -6.5100000e+000	 -4.8600000e+000	 -1.1019700e+003	
 -4.8800000e+000	 -4.8600000e+000	 -1.1029100e+003	
 -3.2600000e+000	 -4.8700000e+000	 -1.1038199e+003	
 -2.2900000e+001	 -6.5100000e+000	 -1.1072200e+003	
 -2.1230000e+001	 -6.5000000e+000	 -1.1057200e+003	
 -1.9580000e+001	 -6.5000000e+000	 -1.1048000e+003	
 -1.7930000e+001	 -6.4900000e+000	 -1.1036899e+003	
 -1.6280001e+001	 -6.4800000e+000	 -1.1023700e+003	
 -1.4640000e+001	 -6.4800000e+000	 -1.1010100e+003	
 -1.3000000e+001	 -6.4700000e+000	 -1.1001801e+003	
 -1.1370000e+001	 -6.4700000e+000	 -1.0999800e+003	
 -9.7500000e+000	 -6.4700000e+000	 -1.1002400e+003	
 -8.1300000e+000	 -6.4800000e+000	 -1.1011000e+003	
 -6.5100000e+000	 -6.4800000e+000	 -1.1023400e+003	
 -4.8900000e+000	 -6.4900000e+000	 -1.1036700e+003	
 -3.2600000e+000	 -6.5000000e+000	 -1.1048700e+003	
 -1.6300000e+000	 -6.5000000e+000	 -1.1053300e+003	
 -2.2920000e+001	 -8.1500000e+000	 -1.1087100e+003	
 -2.1260000e+001	 -8.1400000e+000	 -1.1069900e+003	
 -1.9590000e+001	 -8.1300000e+000	 -1.1052000e+003	
 -1.7930000e+001	 -8.1200000e+000	 -1.1036400e+003	
 -1.6280001e+001	 -8.1000000e+000	 -1.1021700e+003	
 -1.4630000e+001	 -8.1000000e+000	 -1.1007800e+003	
 -1.3000000e+001	 -8.0900000e+000	 -1.0998900e+003	
 -1.1370000e+001	 -8.0900000e+000	 -1.0996400e+003	
 -9.7500000e+000	 -8.0900000e+000	 -1.1001400e+003	
 -8.1300000e+000	 -8.1000000e+000	 -1.1011700e+003	
 -6.5100000e+000	 -8.1100000e+000	 -1.1026700e+003	
 -4.8900000e+000	 -8.1200000e+000	 -1.1042700e+003	
 -3.2600000e+000	 -8.1300000e+000	 -1.1052900e+003	
 -1.6300000e+000	 -8.1300000e+000	 -1.1059600e+003	
 -2.2930000e+001	 -9.7800000e+000	 -1.1087700e+003	
 -2.1260000e+001	 -9.7700000e+000	 -1.1073000e+003	
 -1.9590000e+001	 -9.7500000e+000	 -1.1052600e+003	
 -1.7930000e+001	 -9.7400000e+000	 -1.1032600e+003	
 -1.6280001e+001	 -9.7200000e+000	 -1.1018101e+003	
 -1.4630000e+001	 -9.7100000e+000	 -1.1004399e+003	
 -1.3000000e+001	 -9.7100000e+000	 -1.0997400e+003	
 -1.1370000e+001	 -9.7000000e+000	 -1.0993600e+003	
 -9.7500000e+000	 -9.7100000e+000	 -1.0999800e+003	
 -8.1300000e+000	 -9.7200000e+000	 -1.1011899e+003	
 -6.5100000e+000	 -9.7300000e+000	 -1.1031700e+003	
 -4.8900000e+000	 -9.7500000e+000	 -1.1049100e+003	
 -3.2600000e+000	 -9.7500000e+000	 -1.1050500e+003	
 -1.6300000e+000	 -9.7500000e+000	 -1.1054800e+003	
 -2.2910000e+001	 -1.1400000e+001	 -1.1077700e+003	
 -2.1250000e+001	 -1.1390000e+001	 -1.1067600e+003	
 -1.9590000e+001	 -1.1380000e+001	 -1.1051100e+003	
 -1.7930000e+001	 -1.1360000e+001	 -1.1034399e+003	
 -1.6280001e+001	 -1.1350000e+001	 -1.1018300e+003	
 -1.4630000e+001	 -1.1330000e+001	 -1.1003400e+003	
 -1.2990000e+001	 -1.1320000e+001	 -1.0993000e+003	
 -1.1360000e+001	 -1.1320000e+001	 -1.0991100e+003	
 -9.7400000e+000	 -1.1320000e+001	 -1.0996500e+003	
 -8.1300000e+000	 -1.1340000e+001	 -1.1013700e+003	
 -6.5200000e+000	 -1.1360000e+001	 -1.1034301e+003	
 -4.8900000e+000	 -1.1370000e+001	 -1.1049399e+003	
 -3.2600000e+000	 -1.1390000e+001	 -1.1061801e+003	
 -1.6300000e+000	 -1.1400000e+001	 -1.1078900e+003	
 -2.2910000e+001	 -1.3040000e+001	 -1.1079700e+003	
 -2.1250000e+001	 -1.3020000e+001	 -1.1067300e+003	
 -1.9600000e+001	 -1.3010000e+001	 -1.1055000e+003	
 -1.7930000e+001	 -1.2980000e+001	 -1.1032900e+003	
 -1.6270000e+001	 -1.2960000e+001	 -1.1012500e+003	
 -1.4620000e+001	 -1.2940000e+001	 -1.0995300e+003	
 -1.2980000e+001	 -1.2930000e+001	 -1.0985800e+003	
 -1.1360000e+001	 -1.2930000e+001	 -1.0987700e+003	
 -9.7400000e+000	 -1.2940000e+001	 -1.0995800e+003	
 -8.1300000e+000	 -1.2960000e+001	 -1.1012400e+003	
 -6.5200000e+000	 -1.2980000e+001	 -1.1034399e+003	
 -4.9000000e+000	 -1.3010000e+001	 -1.1059700e+003	
 -3.2700000e+000	 -1.3030000e+001	 -1.1077100e+003	
 -1.6300000e+000	 -1.3040000e+001	 -1.1085601e+003	
 -2.2930000e+001	 -1.4680000e+001	 -1.1091300e+003	
 -2.1270000e+001	 -1.4660000e+001	 -1.1074800e+003	
 -1.9600000e+001	 -1.4640000e+001	 -1.1055200e+003	
 -1.7930000e+001	 -1.4610000e+001	 -1.1032900e+003	
 -1.6260000e+001	 -1.4570000e+001	 -1.1005900e+003	
 -1.4610000e+001	 -1.4550000e+001	 -1.0984301e+003	
 -1.2970000e+001	 -1.4540000e+001	 -1.0975800e+003	
 -1.1350000e+001	 -1.4540000e+001	 -1.0976600e+003	
 -9.7400000e+000	 -1.4550000e+001	 -1.0985500e+003	
 -8.1300000e+000	 -1.4580000e+001	 -1.1010000e+003	
 -6.5200000e+000	 -1.4620000e+001	 -1.1046100e+003	
 -4.9000000e+000	 -1.4650000e+001	 -1.1069301e+003	
 -3.2700000e+000	 -1.4670000e+001	 -1.1081100e+003	
 -1.6300000e+000	 -1.4680000e+001	 -1.1088300e+003	
 -2.4629999e+001	 -1.6350000e+001	 -1.1117000e+003	
 -2.2959999e+001	 -1.6330000e+001	 -1.1103600e+003	
 -2.1280001e+001	 -1.6299999e+001	 -1.1084301e+003	
 -1.9610001e+001	 -1.6270000e+001	 -1.1062300e+003	
 -1.7930000e+001	 -1.6230000e+001	 -1.1033500e+003	
 -1.6250000e+001	 -1.6190001e+001	 -1.1000800e+003	
 -1.4600000e+001	 -1.6150000e+001	 -1.0976600e+003	
 -1.2960000e+001	 -1.6139999e+001	 -1.0965200e+003	
 -1.1340000e+001	 -1.6139999e+001	 -1.0965400e+003	
 -9.7300000e+000	 -1.6150000e+001	 -1.0975900e+003	
 -8.1300000e+000	 -1.6200001e+001	 -1.1008101e+003	
 -6.5300000e+000	 -1.6260000e+001	 -1.1053300e+003	
 -4.9100000e+000	 -1.6299999e+001	 -1.1080500e+003	
 -3.2700000e+000	 -1.6309999e+001	 -1.1089200e+003	
 -1.6300000e+000	 -1.6320000e+001	 -1.1099600e+003	
 -2.4620001e+001	 -1.7980000e+001	 -1.1115100e+003	
 -2.2959999e+001	 -1.7969999e+001	 -1.1104200e+003	
 -2.1290001e+001	 -1.7940001e+001	 -1.1089301e+003	
 -1.9610001e+001	 -1.7910000e+001	 -1.1066000e+003	
 -1.7930000e+001	 -1.7860001e+001	 -1.1035699e+003	
 -1.6240000e+001	 -1.7799999e+001	 -1.0994600e+003	
 -1.4580000e+001	 -1.7750000e+001	 -1.0962000e+003	
 -1.2950000e+001	 -1.7730000e+001	 -1.0951000e+003	
 -1.1330000e+001	 -1.7730000e+001	 -1.0951200e+003	
 -9.7200000e+000	 -1.7750000e+001	 -1.0967200e+003	
 -8.1300000e+000	 -1.7820000e+001	 -1.1009500e+003	
 -6.5300000e+000	 -1.7900000e+001	 -1.1065500e+003	
 -4.9100000e+000	 -1.7950001e+001	 -1.1093000e+003	
 -3.2800000e+000	 -1.7959999e+001	 -1.1103500e+003	
 -1.6400000e+000	 -1.7980000e+001	 -1.1114500e+003	
 -2.6230000e+001	 -1.9590000e+001	 -1.1099500e+003	
 -2.4590000e+001	 -1.9590000e+001	 -1.1098300e+003	
 -2.2940001e+001	 -1.9590000e+001	 -1.1095500e+003	
 -2.1290001e+001	 -1.9570000e+001	 -1.1088700e+003	
 -1.9620001e+001	 -1.9540001e+001	 -1.1069399e+003	
 -1.7920000e+001	 -1.9480000e+001	 -1.1030400e+003	
 -1.6209999e+001	 -1.9370001e+001	 -1.0967900e+003	
 -1.4550000e+001	 -1.9320000e+001	 -1.0936100e+003	
 -1.2920000e+001	 -1.9309999e+001	 -1.0931801e+003	
 -1.1310000e+001	 -1.9320000e+001	 -1.0937700e+003	
 -9.7100000e+000	 -1.9340000e+001	 -1.0951899e+003	
 -8.1300000e+000	 -1.9430000e+001	 -1.1003199e+003	
 -6.5400000e+000	 -1.9540001e+001	 -1.1068500e+003	
 -4.9200000e+000	 -1.9600000e+001	 -1.1107000e+003	
 -3.2800000e+000	 -1.9629999e+001	 -1.1121500e+003	
 -1.6400000e+000	 -1.9650000e+001	 -1.1134900e+003	
 -2.6219999e+001	 -2.1209999e+001	 -1.1093101e+003	
 -2.4570000e+001	 -2.1209999e+001	 -1.1091400e+003	
 -2.2930000e+001	 -2.1209999e+001	 -1.1090200e+003	
 -2.1280001e+001	 -2.1200001e+001	 -1.1084000e+003	
 -1.9600000e+001	 -2.1150000e+001	 -1.1058101e+003	
 -1.7879999e+001	 -2.1040001e+001	 -1.1000300e+003	
 -1.6150000e+001	 -2.0920000e+001	 -1.0930300e+003	
 -1.4520000e+001	 -2.0889999e+001	 -1.0913101e+003	
 -1.2900000e+001	 -2.0879999e+001	 -1.0910900e+003	
 -1.1290000e+001	 -2.0889999e+001	 -1.0915200e+003	
 -9.6900000e+000	 -2.0910000e+001	 -1.0929200e+003	
 -8.1100000e+000	 -2.1010000e+001	 -1.0982000e+003	
 -6.5300000e+000	 -2.1139999e+001	 -1.1051600e+003	
 -4.9200000e+000	 -2.1240000e+001	 -1.1107800e+003	
 -3.2800000e+000	 -2.1260000e+001	 -1.1118199e+003	
 -1.6400000e+000	 -2.1270000e+001	 -1.1126700e+003	
 -2.7840000e+001	 -2.2830000e+001	 -1.1085601e+003	
 -2.6209999e+001	 -2.2840000e+001	 -1.1089301e+003	
 -2.4580000e+001	 -2.2840000e+001	 -1.1092100e+003	
 -2.2920000e+001	 -2.2830000e+001	 -1.1084301e+003	
 -2.1260000e+001	 -2.2799999e+001	 -1.1070400e+003	
 -1.9540001e+001	 -2.2709999e+001	 -1.1022800e+003	
 -1.7790001e+001	 -2.2549999e+001	 -1.0940800e+003	
 -1.6110001e+001	 -2.2469999e+001	 -1.0901801e+003	
 -1.4490000e+001	 -2.2450001e+001	 -1.0892600e+003	
 -1.2880000e+001	 -2.2450001e+001	 -1.0890699e+003	
 -1.1270000e+001	 -2.2459999e+001	 -1.0896600e+003	
 -9.6700000e+000	 -2.2480000e+001	 -1.0904800e+003	
 -8.0800000e+000	 -2.2530001e+001	 -1.0933101e+003	
 -6.5200000e+000	 -2.2730000e+001	 -1.1035500e+003	
 -4.9200000e+000	 -2.2870001e+001	 -1.1106500e+003	
 -3.2800000e+000	 -2.2870001e+001	 -1.1107700e+003	
 -1.6400000e+000	 -2.2870001e+001	 -1.1106300e+003	
  1.0000000e-002	 -2.2879999e+001	 -1.1112300e+003	
 -2.7830000e+001	 -2.4450001e+001	 -1.1080400e+003	
 -2.6180000e+001	 -2.4440001e+001	 -1.1074301e+003	
 -2.4520000e+001	 -2.4420000e+001	 -1.1065100e+003	
 -2.2860001e+001	 -2.4389999e+001	 -1.1051899e+003	
 -2.1190001e+001	 -2.4350000e+001	 -1.1032100e+003	
 -1.9450001e+001	 -2.4219999e+001	 -1.0968199e+003	
 -1.7730000e+001	 -2.4080000e+001	 -1.0903000e+003	
 -1.6090000e+001	 -2.4040001e+001	 -1.0885601e+003	
 -1.4470000e+001	 -2.4020000e+001	 -1.0875000e+003	
 -1.2860000e+001	 -2.4020000e+001	 -1.0874200e+003	
 -1.1250000e+001	 -2.4020000e+001	 -1.0876899e+003	
 -9.6500000e+000	 -2.4049999e+001	 -1.0887600e+003	
 -8.0600000e+000	 -2.4080000e+001	 -1.0902300e+003	
 -6.4900000e+000	 -2.4250000e+001	 -1.0985699e+003	
 -4.9100000e+000	 -2.4480000e+001	 -1.1096801e+003	
 -3.2800000e+000	 -2.4520000e+001	 -1.1115699e+003	
 -1.6400000e+000	 -2.4500000e+001	 -1.1105601e+003	
  1.0000000e-002	 -2.4500000e+001	 -1.1104200e+003	
 -2.9440001e+001	 -2.6070000e+001	 -1.1071899e+003	
 -2.7780001e+001	 -2.6040001e+001	 -1.1062300e+003	
 -2.6110001e+001	 -2.6000000e+001	 -1.1044100e+003	
 -2.4450001e+001	 -2.5980000e+001	 -1.1032600e+003	
 -2.2790001e+001	 -2.5940001e+001	 -1.1017200e+003	
 -2.1059999e+001	 -2.5820000e+001	 -1.0963000e+003	
 -1.9350000e+001	 -2.5700001e+001	 -1.0909800e+003	
 -1.7700001e+001	 -2.5650000e+001	 -1.0884700e+003	
 -1.6070000e+001	 -2.5610001e+001	 -1.0867600e+003	
 -1.4450000e+001	 -2.5590000e+001	 -1.0859500e+003	
 -1.2840000e+001	 -2.5580000e+001	 -1.0857300e+003	
 -1.1240000e+001	 -2.5590000e+001	 -1.0859700e+003	
 -9.6400000e+000	 -2.5610001e+001	 -1.0868000e+003	
 -8.0400000e+000	 -2.5629999e+001	 -1.0879700e+003	
 -6.4500000e+000	 -2.5719999e+001	 -1.0918400e+003	
 -4.8900000e+000	 -2.5990000e+001	 -1.1041801e+003	
 -3.2800000e+000	 -2.6170000e+001	 -1.1118700e+003	
 -1.6400000e+000	 -2.6139999e+001	 -1.1107200e+003	
  1.0000000e-002	 -2.6120001e+001	 -1.1098600e+003	
 -2.9400000e+001	 -2.7650000e+001	 -1.1053600e+003	
 -2.7719999e+001	 -2.7610001e+001	 -1.1035900e+003	
 -2.6049999e+001	 -2.7570000e+001	 -1.1018400e+003	
 -2.4379999e+001	 -2.7520000e+001	 -1.0998400e+003	
 -2.2709999e+001	 -2.7459999e+001	 -1.0975000e+003	
 -2.0990000e+001	 -2.7340000e+001	 -1.0924800e+003	
 -1.9320000e+001	 -2.7260000e+001	 -1.0890699e+003	
 -1.7670000e+001	 -2.7200001e+001	 -1.0865300e+003	
 -1.6049999e+001	 -2.7170000e+001	 -1.0851600e+003	
 -1.4430000e+001	 -2.7160000e+001	 -1.0845699e+003	
 -1.2830000e+001	 -2.7160000e+001	 -1.0846000e+003	
 -1.1220000e+001	 -2.7160000e+001	 -1.0846500e+003	
 -9.6200000e+000	 -2.7170000e+001	 -1.0851700e+003	
 -8.0300000e+000	 -2.7190001e+001	 -1.0860400e+003	
 -6.4300000e+000	 -2.7250000e+001	 -1.0884301e+003	
 -4.8700000e+000	 -2.7490000e+001	 -1.0988101e+003	
 -3.2700000e+000	 -2.7760000e+001	 -1.1101500e+003	
 -1.6400000e+000	 -2.7770000e+001	 -1.1103600e+003	
  1.0000000e-002	 -2.7750000e+001	 -1.1095300e+003	
  1.6400000e+000	 -2.7730000e+001	 -1.1088400e+003	
 -3.0990000e+001	 -2.9240000e+001	 -1.1039500e+003	
 -2.9340000e+001	 -2.9219999e+001	 -1.1031500e+003	
 -2.7690001e+001	 -2.9200001e+001	 -1.1021500e+003	
 -2.6020000e+001	 -2.9150000e+001	 -1.1003700e+003	
 -2.4330000e+001	 -2.9070000e+001	 -1.0972400e+003	
 -2.2629999e+001	 -2.8980000e+001	 -1.0934900e+003	
 -2.0959999e+001	 -2.8910000e+001	 -1.0905500e+003	
 -1.9299999e+001	 -2.8840000e+001	 -1.0877500e+003	
 -1.7660000e+001	 -2.8780001e+001	 -1.0855200e+003	
 -1.6030001e+001	 -2.8750000e+001	 -1.0842400e+003	
 -1.4420000e+001	 -2.8730000e+001	 -1.0835699e+003	
 -1.2820000e+001	 -2.8730000e+001	 -1.0834900e+003	
 -1.1220000e+001	 -2.8730000e+001	 -1.0836600e+003	
 -9.6200000e+000	 -2.8740000e+001	 -1.0841200e+003	
 -8.0200000e+000	 -2.8760000e+001	 -1.0849600e+003	
 -6.4200000e+000	 -2.8799999e+001	 -1.0865601e+003	
 -4.8400000e+000	 -2.8969999e+001	 -1.0931300e+003	
 -3.2600000e+000	 -2.9270000e+001	 -1.1051700e+003	
 -1.6300000e+000	 -2.9360001e+001	 -1.1086600e+003	
  1.0000000e-002	 -2.9360001e+001	 -1.1088500e+003	
  1.6400000e+000	 -2.9360001e+001	 -1.1085601e+003	
 -3.0950001e+001	 -3.0830000e+001	 -1.1024399e+003	
 -2.9299999e+001	 -3.0809999e+001	 -1.1015400e+003	
 -2.7650000e+001	 -3.0770000e+001	 -1.1003800e+003	
 -2.5959999e+001	 -3.0700001e+001	 -1.0975601e+003	
 -2.4260000e+001	 -3.0610001e+001	 -1.0942800e+003	
 -2.2600000e+001	 -3.0540001e+001	 -1.0917300e+003	
 -2.0940001e+001	 -3.0480000e+001	 -1.0893300e+003	
 -1.9280001e+001	 -3.0410000e+001	 -1.0868600e+003	
 -1.7639999e+001	 -3.0360001e+001	 -1.0847100e+003	
 -1.6020000e+001	 -3.0320000e+001	 -1.0834800e+003	
 -1.4410000e+001	 -3.0309999e+001	 -1.0827700e+003	
 -1.2810000e+001	 -3.0299999e+001	 -1.0824700e+003	
 -1.1210000e+001	 -3.0299999e+001	 -1.0826899e+003	
 -9.6100000e+000	 -3.0309999e+001	 -1.0830900e+003	
 -8.0100000e+000	 -3.0340000e+001	 -1.0840300e+003	
 -6.4200000e+000	 -3.0379999e+001	 -1.0854700e+003	
 -4.8300000e+000	 -3.0500000e+001	 -1.0902100e+003	
 -3.2500000e+000	 -3.0790001e+001	 -1.1011801e+003	
 -1.6300000e+000	 -3.0940001e+001	 -1.1066500e+003	
  1.0000000e-002	 -3.0950001e+001	 -1.1073199e+003	
  1.6400000e+000	 -3.0980000e+001	 -1.1081200e+003	
  3.2800000e+000	 -3.0980000e+001	 -1.1081200e+003	
 -3.2580002e+001	 -3.2450001e+001	 -1.1022700e+003	
 -3.0930000e+001	 -3.2430000e+001	 -1.1015200e+003	
 -2.9260000e+001	 -3.2389999e+001	 -1.1000500e+003	
 -2.7590000e+001	 -3.2330002e+001	 -1.0979100e+003	
 -2.5910000e+001	 -3.2250000e+001	 -1.0953700e+003	
 -2.4240000e+001	 -3.2189999e+001	 -1.0929600e+003	
 -2.2580000e+001	 -3.2130001e+001	 -1.0907900e+003	
 -2.0920000e+001	 -3.2060001e+001	 -1.0884700e+003	
 -1.9270000e+001	 -3.1980000e+001	 -1.0857100e+003	
 -1.7629999e+001	 -3.1930000e+001	 -1.0838300e+003	
 -1.6010000e+001	 -3.1889999e+001	 -1.0825500e+003	
 -1.4400000e+001	 -3.1870001e+001	 -1.0817800e+003	
 -1.2800000e+001	 -3.1870001e+001	 -1.0815400e+003	
 -1.1200000e+001	 -3.1870001e+001	 -1.0816700e+003	
 -9.6000000e+000	 -3.1889999e+001	 -1.0823700e+003	
 -8.0100000e+000	 -3.1920000e+001	 -1.0834200e+003	
 -6.4100000e+000	 -3.1959999e+001	 -1.0850500e+003	
 -4.8200000e+000	 -3.2060001e+001	 -1.0884200e+003	
 -3.2400000e+000	 -3.2320000e+001	 -1.0980000e+003	
 -1.6300000e+000	 -3.2520000e+001	 -1.1050000e+003	
  1.0000000e-002	 -3.2549999e+001	 -1.1060500e+003	
  1.6400000e+000	 -3.2580002e+001	 -1.1072300e+003	
  3.2800000e+000	 -3.2610001e+001	 -1.1082300e+003	
 -3.2549999e+001	 -3.4040001e+001	 -1.1012100e+003	
 -3.0900000e+001	 -3.4009998e+001	 -1.1003101e+003	
 -2.9230000e+001	 -3.3959999e+001	 -1.0986400e+003	
 -2.7549999e+001	 -3.3900002e+001	 -1.0965500e+003	
 -2.5879999e+001	 -3.3830002e+001	 -1.0941899e+003	
 -2.4219999e+001	 -3.3770000e+001	 -1.0921200e+003	
 -2.2559999e+001	 -3.3709999e+001	 -1.0900601e+003	
 -2.0910000e+001	 -3.3639999e+001	 -1.0875699e+003	
 -1.9250000e+001	 -3.3560001e+001	 -1.0847900e+003	
 -1.7610001e+001	 -3.3500000e+001	 -1.0827500e+003	
 -1.5990000e+001	 -3.3459999e+001	 -1.0814600e+003	
 -1.4390000e+001	 -3.3439999e+001	 -1.0807600e+003	
 -1.2780000e+001	 -3.3430000e+001	 -1.0806000e+003	
 -1.1190000e+001	 -3.3439999e+001	 -1.0809100e+003	
 -9.5900000e+000	 -3.3459999e+001	 -1.0814900e+003	
 -8.0000000e+000	 -3.3490002e+001	 -1.0826300e+003	
 -6.4100000e+000	 -3.3540001e+001	 -1.0843101e+003	
 -4.8200000e+000	 -3.3639999e+001	 -1.0877700e+003	
 -3.2300000e+000	 -3.3860001e+001	 -1.0953700e+003	
 -1.6300000e+000	 -3.4090000e+001	 -1.1031100e+003	
  1.0000000e-002	 -3.4160000e+001	 -1.1053700e+003	
  1.6400000e+000	 -3.4180000e+001	 -1.1062500e+003	
  3.2800000e+000	 -3.4220001e+001	 -1.1074000e+003	
 -3.4130001e+001	 -3.5610001e+001	 -1.0995400e+003	
 -3.2490002e+001	 -3.5590000e+001	 -1.0989600e+003	
 -3.0830000e+001	 -3.5549999e+001	 -1.0977000e+003	
 -2.9170000e+001	 -3.5509998e+001	 -1.0962200e+003	
 -2.7510000e+001	 -3.5459999e+001	 -1.0945300e+003	
 -2.5850000e+001	 -3.5400002e+001	 -1.0927000e+003	
 -2.4200001e+001	 -3.5349998e+001	 -1.0911300e+003	
 -2.2540001e+001	 -3.5290001e+001	 -1.0890800e+003	
 -2.0889999e+001	 -3.5209999e+001	 -1.0866000e+003	
 -1.9230000e+001	 -3.5119999e+001	 -1.0836400e+003	
 -1.7600000e+001	 -3.5060001e+001	 -1.0816400e+003	
 -1.5980000e+001	 -3.5020000e+001	 -1.0805100e+003	
 -1.4370000e+001	 -3.5000000e+001	 -1.0798500e+003	
 -1.2770000e+001	 -3.4990002e+001	 -1.0795400e+003	
 -1.1180000e+001	 -3.5000000e+001	 -1.0796300e+003	
 -9.5900000e+000	 -3.5020000e+001	 -1.0803300e+003	
 -8.0000000e+000	 -3.5060001e+001	 -1.0816000e+003	
 -6.4100000e+000	 -3.5110001e+001	 -1.0835300e+003	
 -4.8200000e+000	 -3.5209999e+001	 -1.0865800e+003	
 -3.2300000e+000	 -3.5400002e+001	 -1.0929600e+003	
 -1.6200000e+000	 -3.5610001e+001	 -1.0996100e+003	
  1.0000000e-002	 -3.5720001e+001	 -1.1031000e+003	
  1.6400000e+000	 -3.5770000e+001	 -1.1048800e+003	
  3.2800000e+000	 -3.5820000e+001	 -1.1065300e+003	
 -3.4049999e+001	 -3.7139999e+001	 -1.0968600e+003	
 -3.2400002e+001	 -3.7119999e+001	 -1.0960000e+003	
 -3.0760000e+001	 -3.7090000e+001	 -1.0950601e+003	
 -2.9110001e+001	 -3.7049999e+001	 -1.0939200e+003	
 -2.7459999e+001	 -3.7000000e+001	 -1.0925400e+003	
 -2.5820000e+001	 -3.6959999e+001	 -1.0913400e+003	
 -2.4180000e+001	 -3.6930000e+001	 -1.0902200e+003	
 -2.2520000e+001	 -3.6860001e+001	 -1.0879700e+003	
 -2.0860001e+001	 -3.6759998e+001	 -1.0848900e+003	
 -1.9209999e+001	 -3.6669998e+001	 -1.0822100e+003	
 -1.7580000e+001	 -3.6610001e+001	 -1.0802800e+003	
 -1.5970000e+001	 -3.6580002e+001	 -1.0793400e+003	
 -1.4360000e+001	 -3.6560001e+001	 -1.0787800e+003	
 -1.2760000e+001	 -3.6560001e+001	 -1.0787800e+003	
 -1.1170000e+001	 -3.6570000e+001	 -1.0789500e+003	
 -9.5800000e+000	 -3.6580002e+001	 -1.0794500e+003	
 -7.9900000e+000	 -3.6619999e+001	 -1.0805699e+003	
 -6.4000000e+000	 -3.6669998e+001	 -1.0823400e+003	
 -4.8100000e+000	 -3.6779999e+001	 -1.0856899e+003	
 -3.2200000e+000	 -3.6950001e+001	 -1.0910800e+003	
 -1.6200000e+000	 -3.7150002e+001	 -1.0970800e+003	
  1.0000000e-002	 -3.7259998e+001	 -1.1005601e+003	
  1.6400000e+000	 -3.7340000e+001	 -1.1032400e+003	
  3.2700000e+000	 -3.7400002e+001	 -1.1049500e+003	
 -3.4029999e+001	 -3.8730000e+001	 -1.0960100e+003	
 -3.2389999e+001	 -3.8709999e+001	 -1.0954500e+003	
 -3.0750000e+001	 -3.8680000e+001	 -1.0945699e+003	
 -2.9100000e+001	 -3.8650002e+001	 -1.0935699e+003	
 -2.7450001e+001	 -3.8599998e+001	 -1.0922700e+003	
 -2.5809999e+001	 -3.8560001e+001	 -1.0909301e+003	
 -2.4160000e+001	 -3.8500000e+001	 -1.0892700e+003	
 -2.2500000e+001	 -3.8419998e+001	 -1.0867000e+003	
 -2.0820000e+001	 -3.8279999e+001	 -1.0825800e+003	
 -1.9170000e+001	 -3.8189999e+001	 -1.0799399e+003	
 -1.7549999e+001	 -3.8150002e+001	 -1.0787300e+003	
 -1.5950000e+001	 -3.8130001e+001	 -1.0781100e+003	
 -1.4350000e+001	 -3.8119999e+001	 -1.0777800e+003	
 -1.2750000e+001	 -3.8119999e+001	 -1.0777600e+003	
 -1.1160000e+001	 -3.8130001e+001	 -1.0781500e+003	
 -9.5700000e+000	 -3.8150002e+001	 -1.0786300e+003	
 -7.9800000e+000	 -3.8169998e+001	 -1.0794000e+003	
 -6.3900000e+000	 -3.8220001e+001	 -1.0808600e+003	
 -4.8000000e+000	 -3.8310001e+001	 -1.0836700e+003	
 -3.2200000e+000	 -3.8490002e+001	 -1.0888300e+003	
 -1.6100000e+000	 -3.8639999e+001	 -1.0934900e+003	
  1.0000000e-002	 -3.8740002e+001	 -1.0965200e+003	
  1.6300000e+000	 -3.8860001e+001	 -1.1001000e+003	
  3.2600000e+000	 -3.8950001e+001	 -1.1027100e+003	
  4.9000000e+000	 -3.9000000e+001	 -1.1041400e+003	
 -3.5650002e+001	 -4.0349998e+001	 -1.0961899e+003	
 -3.4020000e+001	 -4.0340000e+001	 -1.0959700e+003	
 -3.2389999e+001	 -4.0330002e+001	 -1.0955100e+003	
 -3.0760000e+001	 -4.0310001e+001	 -1.0950200e+003	
 -2.9110001e+001	 -4.0259998e+001	 -1.0937400e+003	
 -2.7450001e+001	 -4.0209999e+001	 -1.0920800e+003	
 -2.5809999e+001	 -4.0160000e+001	 -1.0908101e+003	
 -2.4160000e+001	 -4.0099998e+001	 -1.0890900e+003	
 -2.2459999e+001	 -3.9939999e+001	 -1.0845500e+003	
 -2.0770000e+001	 -3.9779999e+001	 -1.0798000e+003	
 -1.9129999e+001	 -3.9700001e+001	 -1.0776300e+003	
 -1.7530001e+001	 -3.9689999e+001	 -1.0772500e+003	
 -1.5930000e+001	 -3.9680000e+001	 -1.0770500e+003	
 -1.4340000e+001	 -3.9669998e+001	 -1.0768600e+003	
 -1.2740000e+001	 -3.9680000e+001	 -1.0769600e+003	
 -1.1150000e+001	 -3.9689999e+001	 -1.0772700e+003	
 -9.5600000e+000	 -3.9700001e+001	 -1.0776899e+003	
 -7.9700000e+000	 -3.9730000e+001	 -1.0785100e+003	
 -6.3800000e+000	 -3.9770000e+001	 -1.0795200e+003	
 -4.8000000e+000	 -3.9849998e+001	 -1.0819200e+003	
 -3.2100000e+000	 -4.0040001e+001	 -1.0872700e+003	
 -1.6100000e+000	 -4.0230000e+001	 -1.0927200e+003	
  1.0000000e-002	 -4.0299999e+001	 -1.0947800e+003	
  1.6300000e+000	 -4.0349998e+001	 -1.0961500e+003	
  3.2500000e+000	 -4.0419998e+001	 -1.0983600e+003	
  4.8800000e+000	 -4.0500000e+001	 -1.1004900e+003	
 -3.5669998e+001	 -4.1990002e+001	 -1.0967800e+003	
 -3.4040001e+001	 -4.1980000e+001	 -1.0966300e+003	
 -3.2410000e+001	 -4.1959999e+001	 -1.0960699e+003	
 -3.0770000e+001	 -4.1939999e+001	 -1.0954301e+003	
 -2.9100000e+001	 -4.1869999e+001	 -1.0936200e+003	
 -2.7450001e+001	 -4.1810001e+001	 -1.0919399e+003	
 -2.5799999e+001	 -4.1770000e+001	 -1.0907500e+003	
 -2.4139999e+001	 -4.1680000e+001	 -1.0884100e+003	
 -2.2400000e+001	 -4.1430000e+001	 -1.0815900e+003	
 -2.0709999e+001	 -4.1259998e+001	 -1.0767800e+003	
 -1.9100000e+001	 -4.1220001e+001	 -1.0757400e+003	
 -1.7510000e+001	 -4.1220001e+001	 -1.0756801e+003	
 -1.5920000e+001	 -4.1230000e+001	 -1.0759200e+003	
 -1.4330000e+001	 -4.1240002e+001	 -1.0761700e+003	
 -1.2740000e+001	 -4.1240002e+001	 -1.0763500e+003	
 -1.1150000e+001	 -4.1250000e+001	 -1.0765699e+003	
 -9.5600000e+000	 -4.1259998e+001	 -1.0769399e+003	
 -7.9700000e+000	 -4.1279999e+001	 -1.0773900e+003	
 -6.3800000e+000	 -4.1310001e+001	 -1.0783400e+003	
 -4.7900000e+000	 -4.1380001e+001	 -1.0800200e+003	
 -3.2000000e+000	 -4.1549999e+001	 -1.0848400e+003	
 -1.6100000e+000	 -4.1830002e+001	 -1.0925699e+003	
  1.0000000e-002	 -4.1930000e+001	 -1.0953101e+003	
  1.6300000e+000	 -4.1959999e+001	 -1.0962000e+003	
  3.2500000e+000	 -4.2000000e+001	 -1.0971300e+003	
  4.8800000e+000	 -4.2029999e+001	 -1.0981899e+003	
 -3.5689999e+001	 -4.3630001e+001	 -1.0975500e+003	
 -3.4060001e+001	 -4.3619999e+001	 -1.0972000e+003	
 -3.2419998e+001	 -4.3590000e+001	 -1.0965500e+003	
 -3.0780001e+001	 -4.3560001e+001	 -1.0957100e+003	
 -2.9110001e+001	 -4.3500000e+001	 -1.0940200e+003	
 -2.7450001e+001	 -4.3430000e+001	 -1.0922100e+003	
 -2.5809999e+001	 -4.3380001e+001	 -1.0909100e+003	
 -2.4110001e+001	 -4.3230000e+001	 -1.0870500e+003	
 -2.2330000e+001	 -4.2900002e+001	 -1.0782500e+003	
 -2.0680000e+001	 -4.2770000e+001	 -1.0748300e+003	
 -1.9080000e+001	 -4.2759998e+001	 -1.0745800e+003	
 -1.7490000e+001	 -4.2770000e+001	 -1.0746200e+003	
 -1.5900000e+001	 -4.2779999e+001	 -1.0749600e+003	
 -1.4320000e+001	 -4.2790001e+001	 -1.0751801e+003	
 -1.2730000e+001	 -4.2799999e+001	 -1.0754800e+003	
 -1.1140000e+001	 -4.2810001e+001	 -1.0757500e+003	
 -9.5500000e+000	 -4.2820000e+001	 -1.0760100e+003	
 -7.9600000e+000	 -4.2840000e+001	 -1.0765400e+003	
 -6.3700000e+000	 -4.2860001e+001	 -1.0771801e+003	
 -4.7800000e+000	 -4.2900002e+001	 -1.0783300e+003	
 -3.2000000e+000	 -4.3049999e+001	 -1.0822900e+003	
 -1.6100000e+000	 -4.3410000e+001	 -1.0917800e+003	
  1.0000000e-002	 -4.3580002e+001	 -1.0962800e+003	
  1.6300000e+000	 -4.3610001e+001	 -1.0971899e+003	
  3.2500000e+000	 -4.3639999e+001	 -1.0979700e+003	
  4.8800000e+000	 -4.3660000e+001	 -1.0985200e+003	
 -3.7330002e+001	 -4.5270000e+001	 -1.0980400e+003	
 -3.5709999e+001	 -4.5270000e+001	 -1.0981801e+003	
 -3.4090000e+001	 -4.5270000e+001	 -1.0981500e+003	
 -3.2450001e+001	 -4.5250000e+001	 -1.0976400e+003	
 -3.0780001e+001	 -4.5189999e+001	 -1.0959800e+003	
 -2.9110001e+001	 -4.5099998e+001	 -1.0937300e+003	
 -2.7450001e+001	 -4.5029999e+001	 -1.0921200e+003	
 -2.5799999e+001	 -4.4970001e+001	 -1.0904800e+003	
 -2.4049999e+001	 -4.4709999e+001	 -1.0838700e+003	
 -2.2280001e+001	 -4.4389999e+001	 -1.0755300e+003	
 -2.0650000e+001	 -4.4310001e+001	 -1.0736500e+003	
 -1.9059999e+001	 -4.4299999e+001	 -1.0733600e+003	
 -1.7469999e+001	 -4.4299999e+001	 -1.0733600e+003	
 -1.5880000e+001	 -4.4310001e+001	 -1.0735300e+003	
 -1.4300000e+001	 -4.4320000e+001	 -1.0738800e+003	
 -1.2720000e+001	 -4.4340000e+001	 -1.0744399e+003	
 -1.1130000e+001	 -4.4349998e+001	 -1.0747100e+003	
 -9.5400000e+000	 -4.4369999e+001	 -1.0750300e+003	
 -7.9500000e+000	 -4.4380001e+001	 -1.0755200e+003	
 -6.3600000e+000	 -4.4400002e+001	 -1.0759500e+003	
 -4.7800000e+000	 -4.4430000e+001	 -1.0767200e+003	
 -3.1900000e+000	 -4.4580002e+001	 -1.0806500e+003	
 -1.6100000e+000	 -4.4980000e+001	 -1.0908600e+003	
  1.0000000e-002	 -4.5200001e+001	 -1.0964700e+003	
  1.6300000e+000	 -4.5250000e+001	 -1.0977900e+003	
  3.2500000e+000	 -4.5279999e+001	 -1.0984600e+003	
  4.8800000e+000	 -4.5299999e+001	 -1.0990900e+003	
 -3.7360001e+001	 -4.6919998e+001	 -1.0989900e+003	
 -3.5750000e+001	 -4.6930000e+001	 -1.0991801e+003	
 -3.4119999e+001	 -4.6930000e+001	 -1.0991000e+003	
 -3.2450001e+001	 -4.6869999e+001	 -1.0977300e+003	
 -3.0740000e+001	 -4.6730000e+001	 -1.0942500e+003	
 -2.9040001e+001	 -4.6599998e+001	 -1.0910900e+003	
 -2.7389999e+001	 -4.6549999e+001	 -1.0897300e+003	
 -2.5740000e+001	 -4.6470001e+001	 -1.0877800e+003	
 -2.3969999e+001	 -4.6160000e+001	 -1.0802900e+003	
 -2.2250000e+001	 -4.5910000e+001	 -1.0739500e+003	
 -2.0650000e+001	 -4.5880001e+001	 -1.0733400e+003	
 -1.9049999e+001	 -4.5860001e+001	 -1.0728500e+003	
 -1.7459999e+001	 -4.5849998e+001	 -1.0726000e+003	
 -1.5870000e+001	 -4.5849998e+001	 -1.0724900e+003	
 -1.4290000e+001	 -4.5869999e+001	 -1.0729301e+003	
 -1.2700000e+001	 -4.5880001e+001	 -1.0733400e+003	
 -1.1120000e+001	 -4.5889999e+001	 -1.0734600e+003	
 -9.5300000e+000	 -4.5900002e+001	 -1.0737000e+003	
 -7.9400000e+000	 -4.5910000e+001	 -1.0740601e+003	
 -6.3600000e+000	 -4.5930000e+001	 -1.0746400e+003	
 -4.7700000e+000	 -4.5959999e+001	 -1.0753199e+003	
 -3.1900000e+000	 -4.6119999e+001	 -1.0791400e+003	
 -1.6100000e+000	 -4.6560001e+001	 -1.0901801e+003	
  1.0000000e-002	 -4.6840000e+001	 -1.0970300e+003	
  1.6300000e+000	 -4.6910000e+001	 -1.0986600e+003	
  3.2600000e+000	 -4.6930000e+001	 -1.0992800e+003	
  4.8800000e+000	 -4.6950001e+001	 -1.0998000e+003	
 -3.7380001e+001	 -4.8560001e+001	 -1.0994700e+003	
 -3.5759998e+001	 -4.8570000e+001	 -1.0997000e+003	
 -3.4119999e+001	 -4.8549999e+001	 -1.0991500e+003	
 -3.2410000e+001	 -4.8419998e+001	 -1.0960400e+003	
 -3.0660000e+001	 -4.8209999e+001	 -1.0911200e+003	
 -2.8950001e+001	 -4.8060001e+001	 -1.0875699e+003	
 -2.7309999e+001	 -4.8000000e+001	 -1.0860900e+003	
 -2.5620001e+001	 -4.7840000e+001	 -1.0823600e+003	
 -2.3879999e+001	 -4.7580002e+001	 -1.0760300e+003	
 -2.2250000e+001	 -4.7480000e+001	 -1.0737100e+003	
 -2.0639999e+001	 -4.7450001e+001	 -1.0730500e+003	
 -1.9040001e+001	 -4.7430000e+001	 -1.0724200e+003	
 -1.7450001e+001	 -4.7400002e+001	 -1.0716899e+003	
 -1.5860000e+001	 -4.7389999e+001	 -1.0716400e+003	
 -1.4270000e+001	 -4.7389999e+001	 -1.0716000e+003	
 -1.2690000e+001	 -4.7419998e+001	 -1.0722200e+003	
 -1.1110000e+001	 -4.7430000e+001	 -1.0724000e+003	
 -9.5200000e+000	 -4.7430000e+001	 -1.0724900e+003	
 -7.9400000e+000	 -4.7439999e+001	 -1.0728700e+003	
 -6.3500000e+000	 -4.7470001e+001	 -1.0735300e+003	
 -4.7700000e+000	 -4.7500000e+001	 -1.0742500e+003	
 -3.1800000e+000	 -4.7639999e+001	 -1.0776000e+003	
 -1.6100000e+000	 -4.8110001e+001	 -1.0887300e+003	
  1.0000000e-002	 -4.8450001e+001	 -1.0967900e+003	
  1.6300000e+000	 -4.8560001e+001	 -1.0995300e+003	
  3.2600000e+000	 -4.8599998e+001	 -1.1004700e+003	
  4.8900000e+000	 -4.8619999e+001	 -1.1008800e+003	
 -3.7400002e+001	 -5.0200001e+001	 -1.1000200e+003	
 -3.5770000e+001	 -5.0200001e+001	 -1.0999800e+003	
 -3.4099998e+001	 -5.0139999e+001	 -1.0984800e+003	
 -3.2330002e+001	 -4.9910000e+001	 -1.0932600e+003	
 -3.0570000e+001	 -4.9680000e+001	 -1.0878800e+003	
 -2.8889999e+001	 -4.9560001e+001	 -1.0851200e+003	
 -2.7230000e+001	 -4.9459999e+001	 -1.0829200e+003	
 -2.5530001e+001	 -4.9270000e+001	 -1.0783800e+003	
 -2.3860001e+001	 -4.9130001e+001	 -1.0751100e+003	
 -2.2250000e+001	 -4.9080002e+001	 -1.0740500e+003	
 -2.0639999e+001	 -4.9029999e+001	 -1.0729100e+003	
 -1.9040001e+001	 -4.8990002e+001	 -1.0719399e+003	
 -1.7440001e+001	 -4.8959999e+001	 -1.0712800e+003	
 -1.5850000e+001	 -4.8950001e+001	 -1.0710300e+003	
 -1.4270000e+001	 -4.8950001e+001	 -1.0710699e+003	
 -1.2680000e+001	 -4.8959999e+001	 -1.0713000e+003	
 -1.1100000e+001	 -4.8970001e+001	 -1.0714399e+003	
 -9.5100000e+000	 -4.8980000e+001	 -1.0717200e+003	
 -7.9300000e+000	 -4.9000000e+001	 -1.0721400e+003	
 -6.3500000e+000	 -4.9029999e+001	 -1.0729600e+003	
 -4.7600000e+000	 -4.9060001e+001	 -1.0737300e+003	
 -3.1800000e+000	 -4.9180000e+001	 -1.0764500e+003	
 -1.6000000e+000	 -4.9599998e+001	 -1.0860500e+003	
  1.0000000e-002	 -5.0000000e+001	 -1.0953600e+003	
  1.6300000e+000	 -5.0169998e+001	 -1.0994000e+003	
  3.2600000e+000	 -5.0270000e+001	 -1.1015800e+003	
  4.8900000e+000	 -5.0290001e+001	 -1.1020200e+003	
 -3.7410000e+001	 -5.1840000e+001	 -1.1004399e+003	
 -3.5770000e+001	 -5.1830002e+001	 -1.1000500e+003	
 -3.4080002e+001	 -5.1720001e+001	 -1.0977100e+003	
 -3.2279999e+001	 -5.1430000e+001	 -1.0913101e+003	
 -3.0530001e+001	 -5.1220001e+001	 -1.0865000e+003	
 -2.8860001e+001	 -5.1099998e+001	 -1.0838800e+003	
 -2.7180000e+001	 -5.0950001e+001	 -1.0804900e+003	
 -2.5510000e+001	 -5.0810001e+001	 -1.0774100e+003	
 -2.3879999e+001	 -5.0730000e+001	 -1.0756400e+003	
 -2.2260000e+001	 -5.0680000e+001	 -1.0744800e+003	
 -2.0650000e+001	 -5.0630001e+001	 -1.0732700e+003	
 -1.9040001e+001	 -5.0580002e+001	 -1.0721300e+003	
 -1.7440001e+001	 -5.0549999e+001	 -1.0714200e+003	
 -1.5850000e+001	 -5.0529999e+001	 -1.0711100e+003	
 -1.4270000e+001	 -5.0529999e+001	 -1.0710400e+003	
 -1.2680000e+001	 -5.0529999e+001	 -1.0711000e+003	
 -1.1100000e+001	 -5.0540001e+001	 -1.0713101e+003	
 -9.5100000e+000	 -5.0549999e+001	 -1.0715800e+003	
 -7.9300000e+000	 -5.0570000e+001	 -1.0720900e+003	
 -6.3500000e+000	 -5.0610001e+001	 -1.0729000e+003	
 -4.7600000e+000	 -5.0660000e+001	 -1.0739399e+003	
 -3.1800000e+000	 -5.0750000e+001	 -1.0759900e+003	
 -1.6000000e+000	 -5.1099998e+001	 -1.0838500e+003	
  1.0000000e-002	 -5.1520000e+001	 -1.0931801e+003	
  1.6300000e+000	 -5.1759998e+001	 -1.0987200e+003	
  3.2600000e+000	 -5.1900002e+001	 -1.1018800e+003	
  4.8900000e+000	 -5.1930000e+001	 -1.1025601e+003	
 -3.7419998e+001	 -5.3480000e+001	 -1.1008000e+003	
 -3.5770000e+001	 -5.3450001e+001	 -1.1000800e+003	
 -3.4070000e+001	 -5.3330002e+001	 -1.0975200e+003	
 -3.2259998e+001	 -5.3020000e+001	 -1.0908300e+003	
 -3.0520000e+001	 -5.2790001e+001	 -1.0859200e+003	
 -2.8850000e+001	 -5.2680000e+001	 -1.0834700e+003	
 -2.7180000e+001	 -5.2560001e+001	 -1.0807300e+003	
 -2.5530001e+001	 -5.2439999e+001	 -1.0782100e+003	
 -2.3889999e+001	 -5.2360001e+001	 -1.0765400e+003	
 -2.2280001e+001	 -5.2310001e+001	 -1.0754000e+003	
 -2.0660000e+001	 -5.2250000e+001	 -1.0741000e+003	
 -1.9049999e+001	 -5.2189999e+001	 -1.0728000e+003	
 -1.7450001e+001	 -5.2150002e+001	 -1.0720000e+003	
 -1.5860000e+001	 -5.2130001e+001	 -1.0716200e+003	
 -1.4270000e+001	 -5.2130001e+001	 -1.0714399e+003	
 -1.2690000e+001	 -5.2130001e+001	 -1.0715400e+003	
 -1.1100000e+001	 -5.2139999e+001	 -1.0717600e+003	
 -9.5200000e+000	 -5.2150002e+001	 -1.0720100e+003	
 -7.9300000e+000	 -5.2169998e+001	 -1.0724900e+003	
 -6.3500000e+000	 -5.2209999e+001	 -1.0733101e+003	
 -4.7700000e+000	 -5.2259998e+001	 -1.0744000e+003	
 -3.1800000e+000	 -5.2349998e+001	 -1.0763700e+003	
 -1.6000000e+000	 -5.2630001e+001	 -1.0824600e+003	
  1.0000000e-002	 -5.3049999e+001	 -1.0915400e+003	
  1.6300000e+000	 -5.3299999e+001	 -1.0969000e+003	
  3.2600000e+000	 -5.3520000e+001	 -1.1016500e+003	
  4.9000000e+000	 -5.3599998e+001	 -1.1033800e+003	
 -3.7430000e+001	 -5.5110001e+001	 -1.1010699e+003	
 -3.5770000e+001	 -5.5060001e+001	 -1.0999301e+003	
 -3.4080002e+001	 -5.4950001e+001	 -1.0976500e+003	
 -3.2279999e+001	 -5.4660000e+001	 -1.0915601e+003	
 -3.0530001e+001	 -5.4419998e+001	 -1.0864500e+003	
 -2.8870001e+001	 -5.4320000e+001	 -1.0842800e+003	
 -2.7219999e+001	 -5.4220001e+001	 -1.0822800e+003	
 -2.5559999e+001	 -5.4099998e+001	 -1.0797000e+003	
 -2.3920000e+001	 -5.4009998e+001	 -1.0778800e+003	
 -2.2299999e+001	 -5.3950001e+001	 -1.0765800e+003	
 -2.0680000e+001	 -5.3889999e+001	 -1.0752700e+003	
 -1.9070000e+001	 -5.3830002e+001	 -1.0741000e+003	
 -1.7469999e+001	 -5.3790001e+001	 -1.0732000e+003	
 -1.5870000e+001	 -5.3759998e+001	 -1.0726000e+003	
 -1.4280000e+001	 -5.3750000e+001	 -1.0723199e+003	
 -1.2690000e+001	 -5.3750000e+001	 -1.0722800e+003	
 -1.1110000e+001	 -5.3750000e+001	 -1.0724600e+003	
 -9.5200000e+000	 -5.3770000e+001	 -1.0727300e+003	
 -7.9400000e+000	 -5.3799999e+001	 -1.0733400e+003	
 -6.3600000e+000	 -5.3840000e+001	 -1.0742800e+003	
 -4.7700000e+000	 -5.3900002e+001	 -1.0755200e+003	
 -3.1800000e+000	 -5.3980000e+001	 -1.0772900e+003	
 -1.6000000e+000	 -5.4240002e+001	 -1.0827900e+003	
  1.0000000e-002	 -5.4570000e+001	 -1.0895900e+003	
  1.6300000e+000	 -5.4860001e+001	 -1.0957600e+003	
  3.2600000e+000	 -5.5150002e+001	 -1.1018101e+003	
  4.9000000e+000	 -5.5250000e+001	 -1.1040900e+003	
 -3.7430000e+001	 -5.6740002e+001	 -1.1010601e+003	
 -3.5750000e+001	 -5.6660000e+001	 -1.0994301e+003	
 -3.4070000e+001	 -5.6549999e+001	 -1.0972700e+003	
 -3.2310001e+001	 -5.6310001e+001	 -1.0924600e+003	
 -3.0510000e+001	 -5.5980000e+001	 -1.0856200e+003	
 -2.8850000e+001	 -5.5880001e+001	 -1.0835300e+003	
 -2.7240000e+001	 -5.5849998e+001	 -1.0830500e+003	
 -2.5600000e+001	 -5.5770000e+001	 -1.0813300e+003	
 -2.3959999e+001	 -5.5680000e+001	 -1.0795800e+003	
 -2.2330000e+001	 -5.5599998e+001	 -1.0778900e+003	
 -2.0700001e+001	 -5.5529999e+001	 -1.0763300e+003	
 -1.9090000e+001	 -5.5459999e+001	 -1.0750400e+003	
 -1.7490000e+001	 -5.5419998e+001	 -1.0742600e+003	
 -1.5890000e+001	 -5.5400002e+001	 -1.0737200e+003	
 -1.4290000e+001	 -5.5380001e+001	 -1.0733400e+003	
 -1.2710000e+001	 -5.5380001e+001	 -1.0733000e+003	
 -1.1120000e+001	 -5.5380001e+001	 -1.0734301e+003	
 -9.5300000e+000	 -5.5410000e+001	 -1.0738900e+003	
 -7.9500000e+000	 -5.5439999e+001	 -1.0745500e+003	
 -6.3600000e+000	 -5.5500000e+001	 -1.0758700e+003	
 -4.7800000e+000	 -5.5570000e+001	 -1.0772900e+003	
 -3.1900000e+000	 -5.5650002e+001	 -1.0789399e+003	
 -1.6000000e+000	 -5.5840000e+001	 -1.0826899e+003	
  1.0000000e-002	 -5.6119999e+001	 -1.0884800e+003	
  1.6200000e+000	 -5.6450001e+001	 -1.0952200e+003	
  3.2600000e+000	 -5.6810001e+001	 -1.1026000e+003	
  4.9000000e+000	 -5.6910000e+001	 -1.1047900e+003	
 -3.5750000e+001	 -5.8270000e+001	 -1.0993000e+003	
 -3.4060001e+001	 -5.8150002e+001	 -1.0969500e+003	
 -3.2340000e+001	 -5.7980000e+001	 -1.0936300e+003	
 -3.0600000e+001	 -5.7750000e+001	 -1.0890400e+003	
 -2.8860001e+001	 -5.7500000e+001	 -1.0839600e+003	
 -2.7200001e+001	 -5.7380001e+001	 -1.0815601e+003	
 -2.5580000e+001	 -5.7330002e+001	 -1.0805500e+003	
 -2.3950001e+001	 -5.7250000e+001	 -1.0790300e+003	
 -2.2340000e+001	 -5.7209999e+001	 -1.0782600e+003	
 -2.0709999e+001	 -5.7130001e+001	 -1.0767500e+003	
 -1.9100000e+001	 -5.7090000e+001	 -1.0758800e+003	
 -1.7500000e+001	 -5.7049999e+001	 -1.0750400e+003	
 -1.5900000e+001	 -5.7020000e+001	 -1.0745800e+003	
 -1.4310000e+001	 -5.7009998e+001	 -1.0743500e+003	
 -1.2720000e+001	 -5.7009998e+001	 -1.0742900e+003	
 -1.1130000e+001	 -5.7020000e+001	 -1.0745800e+003	
 -9.5400000e+000	 -5.7060001e+001	 -1.0752600e+003	
 -7.9600000e+000	 -5.7110001e+001	 -1.0762200e+003	
 -6.3700000e+000	 -5.7169998e+001	 -1.0775300e+003	
 -4.7900000e+000	 -5.7250000e+001	 -1.0790900e+003	
 -3.1900000e+000	 -5.7340000e+001	 -1.0808500e+003	
 -1.6000000e+000	 -5.7509998e+001	 -1.0841899e+003	
  1.0000000e-002	 -5.7720001e+001	 -1.0885200e+003	
  1.6300000e+000	 -5.8180000e+001	 -1.0975601e+003	
  3.2700000e+000	 -5.8490002e+001	 -1.1037500e+003	
  4.9100000e+000	 -5.8570000e+001	 -1.1054200e+003	
 -3.5720001e+001	 -5.9840000e+001	 -1.0983900e+003	
 -3.4040001e+001	 -5.9740002e+001	 -1.0964600e+003	
 -3.2360001e+001	 -5.9639999e+001	 -1.0944600e+003	
 -3.0680000e+001	 -5.9509998e+001	 -1.0920400e+003	
 -2.9000000e+001	 -5.9380001e+001	 -1.0895300e+003	
 -2.7340000e+001	 -5.9270000e+001	 -1.0873700e+003	
 -2.5680000e+001	 -5.9160000e+001	 -1.0852000e+003	
 -2.4040001e+001	 -5.9070000e+001	 -1.0834600e+003	
 -2.2389999e+001	 -5.8959999e+001	 -1.0812800e+003	
 -2.0740000e+001	 -5.8790001e+001	 -1.0780300e+003	
 -1.9110001e+001	 -5.8709999e+001	 -1.0765100e+003	
 -1.7520000e+001	 -5.8700001e+001	 -1.0763800e+003	
 -1.5920000e+001	 -5.8669998e+001	 -1.0757400e+003	
 -1.4320000e+001	 -5.8660000e+001	 -1.0755300e+003	
 -1.2730000e+001	 -5.8660000e+001	 -1.0756200e+003	
 -1.1140000e+001	 -5.8680000e+001	 -1.0760100e+003	
 -9.5600000e+000	 -5.8709999e+001	 -1.0766100e+003	
 -7.9700000e+000	 -5.8750000e+001	 -1.0774100e+003	
 -6.3800000e+000	 -5.8799999e+001	 -1.0782000e+003	
 -4.7900000e+000	 -5.8849998e+001	 -1.0792000e+003	
 -3.2000000e+000	 -5.8980000e+001	 -1.0818199e+003	
 -1.6000000e+000	 -5.9139999e+001	 -1.0849200e+003	
  1.0000000e-002	 -5.9400002e+001	 -1.0898500e+003	
  1.6300000e+000	 -5.9919998e+001	 -1.0999600e+003	
  3.2700000e+000	 -6.0150002e+001	 -1.1044301e+003	
  4.9100000e+000	 -6.0230000e+001	 -1.1059200e+003	
 -3.5700001e+001	 -6.1410000e+001	 -1.0975500e+003	
 -3.4029999e+001	 -6.1330002e+001	 -1.0959900e+003	
 -3.2369999e+001	 -6.1250000e+001	 -1.0945200e+003	
 -3.0709999e+001	 -6.1169998e+001	 -1.0930200e+003	
 -2.9049999e+001	 -6.1090000e+001	 -1.0915100e+003	
 -2.7400000e+001	 -6.1020000e+001	 -1.0900900e+003	
 -2.5770000e+001	 -6.0959999e+001	 -1.0889600e+003	
 -2.4129999e+001	 -6.0880001e+001	 -1.0875601e+003	
 -2.2490000e+001	 -6.0790001e+001	 -1.0858800e+003	
 -2.0840000e+001	 -6.0680000e+001	 -1.0837100e+003	
 -1.9160000e+001	 -6.0439999e+001	 -1.0792500e+003	
 -1.7520000e+001	 -6.0299999e+001	 -1.0766300e+003	
 -1.5940000e+001	 -6.0330002e+001	 -1.0771600e+003	
 -1.4350000e+001	 -6.0349998e+001	 -1.0775300e+003	
 -1.2750000e+001	 -6.0349998e+001	 -1.0775500e+003	
 -1.1160000e+001	 -6.0360001e+001	 -1.0776400e+003	
 -9.5700000e+000	 -6.0380001e+001	 -1.0780800e+003	
 -7.9800000e+000	 -6.0419998e+001	 -1.0788700e+003	
 -6.3900000e+000	 -6.0540001e+001	 -1.0811899e+003	
 -4.8000000e+000	 -6.0570000e+001	 -1.0816500e+003	
 -3.2000000e+000	 -6.0680000e+001	 -1.0837500e+003	
 -1.6000000e+000	 -6.0869999e+001	 -1.0874301e+003	
  1.0000000e-002	 -6.1360001e+001	 -1.0966200e+003	
  1.6300000e+000	 -6.1650002e+001	 -1.1020300e+003	
  3.2700000e+000	 -6.1790001e+001	 -1.1046300e+003	
  4.9100000e+000	 -6.1880001e+001	 -1.1063300e+003	
 -3.4020000e+001	 -6.2919998e+001	 -1.0955800e+003	
 -3.2360001e+001	 -6.2860001e+001	 -1.0944399e+003	
 -3.0709999e+001	 -6.2790001e+001	 -1.0931300e+003	
 -2.9070000e+001	 -6.2740002e+001	 -1.0921600e+003	
 -2.7430000e+001	 -6.2680000e+001	 -1.0912300e+003	
 -2.5790001e+001	 -6.2619999e+001	 -1.0901200e+003	
 -2.4160000e+001	 -6.2570000e+001	 -1.0891400e+003	
 -2.2530001e+001	 -6.2520000e+001	 -1.0882000e+003	
 -2.0900000e+001	 -6.2470001e+001	 -1.0872300e+003	
 -1.9260000e+001	 -6.2349998e+001	 -1.0851600e+003	
 -1.7590000e+001	 -6.2110001e+001	 -1.0807700e+003	
 -1.5930000e+001	 -6.1910000e+001	 -1.0770000e+003	
 -1.4350000e+001	 -6.1930000e+001	 -1.0774600e+003	
 -1.2760000e+001	 -6.1990002e+001	 -1.0784900e+003	
 -1.1170000e+001	 -6.1980000e+001	 -1.0782600e+003	
 -9.5800000e+000	 -6.2040001e+001	 -1.0794200e+003	
 -8.0100000e+000	 -6.2250000e+001	 -1.0832000e+003	
 -6.4200000e+000	 -6.2400002e+001	 -1.0860601e+003	
 -4.8200000e+000	 -6.2480000e+001	 -1.0874900e+003	
 -3.2200000e+000	 -6.2590000e+001	 -1.0895100e+003	
 -1.6100000e+000	 -6.2770000e+001	 -1.0927800e+003	
  1.0000000e-002	 -6.3040001e+001	 -1.0977700e+003	
  1.6300000e+000	 -6.3270000e+001	 -1.1019399e+003	
  3.2700000e+000	 -6.3419998e+001	 -1.1048500e+003	
  4.9100000e+000	 -6.3520000e+001	 -1.1066801e+003	
 -3.4000000e+001	 -6.4500000e+001	 -1.0948900e+003	
 -3.2349998e+001	 -6.4440002e+001	 -1.0939301e+003	
 -3.0709999e+001	 -6.4389999e+001	 -1.0930601e+003	
 -2.9070000e+001	 -6.4349998e+001	 -1.0921899e+003	
 -2.7440001e+001	 -6.4300003e+001	 -1.0914500e+003	
 -2.5809999e+001	 -6.4260002e+001	 -1.0906500e+003	
 -2.4180000e+001	 -6.4220001e+001	 -1.0899900e+003	
 -2.2549999e+001	 -6.4190002e+001	 -1.0893199e+003	
 -2.0930000e+001	 -6.4150002e+001	 -1.0887000e+003	
 -1.9309999e+001	 -6.4099998e+001	 -1.0878400e+003	
 -1.7670000e+001	 -6.4010002e+001	 -1.0861400e+003	
 -1.6020000e+001	 -6.3820000e+001	 -1.0828101e+003	
 -1.4380000e+001	 -6.3660000e+001	 -1.0798600e+003	
 -1.2780000e+001	 -6.3639999e+001	 -1.0795601e+003	
 -1.1200000e+001	 -6.3779999e+001	 -1.0819700e+003	
 -9.6300000e+000	 -6.3970001e+001	 -1.0854000e+003	
 -8.0500000e+000	 -6.4139999e+001	 -1.0885400e+003	
 -6.4500000e+000	 -6.4250000e+001	 -1.0905601e+003	
 -4.8400000e+000	 -6.4349998e+001	 -1.0923101e+003	
 -3.2300000e+000	 -6.4440002e+001	 -1.0939600e+003	
 -1.6200000e+000	 -6.4550003e+001	 -1.0959100e+003	
  1.0000000e-002	 -6.4720001e+001	 -1.0988400e+003	
  1.6300000e+000	 -6.4910004e+001	 -1.1023600e+003	
  3.2700000e+000	 -6.5059998e+001	 -1.1050200e+003	
 -3.2330002e+001	 -6.6010002e+001	 -1.0931801e+003	
 -3.0690001e+001	 -6.5970001e+001	 -1.0924100e+003	
 -2.9059999e+001	 -6.5940002e+001	 -1.0918500e+003	
 -2.7430000e+001	 -6.5900002e+001	 -1.0912700e+003	
 -2.5809999e+001	 -6.5870003e+001	 -1.0907000e+003	
 -2.4180000e+001	 -6.5839996e+001	 -1.0901300e+003	
 -2.2559999e+001	 -6.5809998e+001	 -1.0897200e+003	
 -2.0940001e+001	 -6.5800003e+001	 -1.0894399e+003	
 -1.9330000e+001	 -6.5769997e+001	 -1.0890300e+003	
 -1.7700001e+001	 -6.5730003e+001	 -1.0883400e+003	
 -1.6080000e+001	 -6.5669998e+001	 -1.0872500e+003	
 -1.4460000e+001	 -6.5620003e+001	 -1.0862900e+003	
 -1.2850000e+001	 -6.5610001e+001	 -1.0862300e+003	
 -1.1250000e+001	 -6.5680000e+001	 -1.0873900e+003	
 -9.6600000e+000	 -6.5779999e+001	 -1.0891300e+003	
 -8.0600000e+000	 -6.5870003e+001	 -1.0907900e+003	
 -6.4600000e+000	 -6.5959999e+001	 -1.0923600e+003	
 -4.8500000e+000	 -6.6050003e+001	 -1.0938500e+003	
 -3.2300000e+000	 -6.6139999e+001	 -1.0954500e+003	
 -1.6200000e+000	 -6.6239998e+001	 -1.0971600e+003	
  1.0000000e-002	 -6.6349998e+001	 -1.0991801e+003	
  1.6300000e+000	 -6.6519997e+001	 -1.1020000e+003	
  3.2700000e+000	 -6.6660004e+001	 -1.1045900e+003	
 -3.0680000e+001	 -6.7550003e+001	 -1.0919600e+003	
 -2.9049999e+001	 -6.7519997e+001	 -1.0913600e+003	
 -2.7420000e+001	 -6.7489998e+001	 -1.0909000e+003	
 -2.5799999e+001	 -6.7459999e+001	 -1.0904399e+003	
 -2.4180000e+001	 -6.7440002e+001	 -1.0900000e+003	
 -2.2559999e+001	 -6.7419998e+001	 -1.0897900e+003	
 -2.0950001e+001	 -6.7419998e+001	 -1.0896801e+003	
 -1.9330000e+001	 -6.7410004e+001	 -1.0895000e+003	
 -1.7719999e+001	 -6.7410004e+001	 -1.0895000e+003	
 -1.6110001e+001	 -6.7400002e+001	 -1.0894200e+003	
 -1.4500000e+001	 -6.7410004e+001	 -1.0894900e+003	
 -1.2890000e+001	 -6.7410004e+001	 -1.0896400e+003	
 -1.1280000e+001	 -6.7449997e+001	 -1.0901801e+003	
 -9.6800000e+000	 -6.7500000e+001	 -1.0910699e+003	
 -8.0700000e+000	 -6.7550003e+001	 -1.0919900e+003	
 -6.4600000e+000	 -6.7620003e+001	 -1.0931500e+003	
 -4.8500000e+000	 -6.7699997e+001	 -1.0945800e+003	
 -3.2400000e+000	 -6.7790001e+001	 -1.0960900e+003	
 -1.6200000e+000	 -6.7870003e+001	 -1.0974900e+003	
  1.0000000e-002	 -6.7980003e+001	 -1.0993500e+003	
  1.6300000e+000	 -6.8120003e+001	 -1.1016801e+003	
 -2.9070000e+001	 -6.9160004e+001	 -1.0920400e+003	
 -2.7430000e+001	 -6.9120003e+001	 -1.0912900e+003	
 -2.5809999e+001	 -6.9089996e+001	 -1.0908199e+003	
 -2.4190001e+001	 -6.9059998e+001	 -1.0903500e+003	
 -2.2570000e+001	 -6.9040001e+001	 -1.0900601e+003	
 -2.0950001e+001	 -6.9019997e+001	 -1.0897200e+003	
 -1.9340000e+001	 -6.9019997e+001	 -1.0896300e+003	
 -1.7719999e+001	 -6.9019997e+001	 -1.0896500e+003	
 -1.6120001e+001	 -6.9029999e+001	 -1.0898600e+003	
 -1.4510000e+001	 -6.9050003e+001	 -1.0900800e+003	
 -1.2900000e+001	 -6.9080002e+001	 -1.0906100e+003	
 -1.1290000e+001	 -6.9110001e+001	 -1.0911801e+003	
 -9.6800000e+000	 -6.9139999e+001	 -1.0917200e+003	
 -8.0700000e+000	 -6.9190002e+001	 -1.0924399e+003	
 -6.4600000e+000	 -6.9239998e+001	 -1.0933400e+003	
 -4.8500000e+000	 -6.9309998e+001	 -1.0944100e+003	
 -3.2400000e+000	 -6.9389999e+001	 -1.0958101e+003	
 -1.6200000e+000	 -6.9489998e+001	 -1.0974200e+003	
  1.0000000e-002	 -6.9589996e+001	 -1.0992000e+003	
  1.6300000e+000	 -6.9730003e+001	 -1.1015601e+003	
 -2.5830000e+001	 -7.0739998e+001	 -1.0915400e+003	
 -2.4200001e+001	 -7.0720001e+001	 -1.0911700e+003	
 -2.2580000e+001	 -7.0699997e+001	 -1.0909100e+003	
 -2.0959999e+001	 -7.0680000e+001	 -1.0905400e+003	
 -1.9350000e+001	 -7.0660004e+001	 -1.0902200e+003	
 -1.7730000e+001	 -7.0660004e+001	 -1.0901700e+003	
 -1.6120001e+001	 -7.0660004e+001	 -1.0902700e+003	
 -1.4510000e+001	 -7.0680000e+001	 -1.0905900e+003	
 -1.2900000e+001	 -7.0709999e+001	 -1.0910200e+003	
 -1.1300000e+001	 -7.0750000e+001	 -1.0917000e+003	
 -9.6900000e+000	 -7.0790001e+001	 -1.0923500e+003	
 -8.0800000e+000	 -7.0839996e+001	 -1.0930900e+003	
 -6.4700000e+000	 -7.0879997e+001	 -1.0938600e+003	
 -4.8500000e+000	 -7.0940002e+001	 -1.0947900e+003	
 -3.2400000e+000	 -7.1010002e+001	 -1.0959100e+003	
 -1.6200000e+000	 -7.1089996e+001	 -1.0972600e+003	
 -1.6139999e+001	 -7.2349998e+001	 -1.0915000e+003	
 -1.4530000e+001	 -7.2379997e+001	 -1.0919700e+003	
 -1.2920000e+001	 -7.2400002e+001	 -1.0924200e+003	
 -1.1310000e+001	 -7.2440002e+001	 -1.0930000e+003	
 -9.7000000e+000	 -7.2480003e+001	 -1.0935601e+003	
 -8.0900000e+000	 -7.2519997e+001	 -1.0943300e+003	
 -6.4700000e+000	 -7.2570000e+001	 -1.0949900e+003	
 -4.8600000e+000	 -7.2620003e+001	 -1.0958600e+003	
 -3.2400000e+000	 -7.2690002e+001	 -1.0970000e+003	
